p_val	avg_log2FC	pct.1	pct.2	p_val_adj	cluster	gene
0	1.92141474062051	0.759	0.294	0	c11	CD8A
0	1.92585995547985	0.628	0.206	0	c11	GZMB
0	2.95194658240084	0.476	0.072	0	c11	ZNF683
0	1.43366336359198	0.99	0.645	0	c11	CCL5
0	2.99672871121297	0.404	0.072	0	c11	ITM2C
0	3.42853851931765	0.196	0.02	0	c11	KLRC1
2.69571270175856e-289	1.29771857619644	0.91	0.53	9.8665780597065e-285	c11	GZMA
5.88048217309621e-289	1.84157714209283	0.646	0.263	2.15231528017494e-284	c11	APOBEC3G
1.4247752788168e-274	1.85432877888923	0.42	0.109	5.21481999799737e-270	c11	CXCR6
2.13110682531462e-270	2.05450890160425	0.404	0.105	7.80006409133404e-266	c11	LAG3
7.77722444572811e-244	1.15342217831405	0.956	0.826	2.84654191938095e-239	c11	CRIP1
4.79650676153418e-223	1.47846711296823	0.586	0.233	1.75556943978912e-218	c11	CXCR3
1.61460655990619e-217	2.56117702922171	0.501	0.18	5.90962146991266e-213	c11	CCL4
8.48712294623786e-213	1.57497745859053	0.532	0.204	3.10637186955252e-208	c11	CISH
1.22166068960316e-197	0.894732914756758	0.913	0.699	4.47140029001652e-193	c11	CLIC1
8.92470131632614e-191	1.34392757064406	0.695	0.387	3.26652992878853e-186	c11	CKLF
8.97534324798203e-186	2.36414743968617	0.15	0.022	3.2850653821939e-181	c11	ITGA1
3.14720711352397e-184	0.709708268251738	0.988	0.932	1.15190927562091e-179	c11	VIM
2.73514391735175e-181	0.478166103685194	1	0.991	1.00109002518991e-176	c11	TMSB4X
3.38848146886325e-180	1.01892579955965	0.833	0.59	1.24021810241864e-175	c11	CD2
5.42519767624753e-180	0.653338948872823	0.988	0.93	1.98567660148336e-175	c11	SH3BGRL3
1.80630371780254e-179	2.85841312465689	0.145	0.021	6.61125223752909e-175	c11	CD8B2
2.06366487569765e-177	0.747095362551559	0.971	0.89	7.55321981154097e-173	c11	S100A6
5.16677369279576e-176	1.3090154001677	0.557	0.244	1.89109083930018e-171	c11	PRF1
2.05186101723973e-173	0.85713426299615	0.755	0.363	7.51001650919913e-169	c11	GZMH
6.58865032195353e-167	1.30191416124027	0.738	0.466	2.41151190433821e-162	c11	LGALS1
1.58008081231038e-160	2.38243965207613	0.163	0.03	5.78325378113722e-156	c11	FASLG
3.30568226404768e-158	0.554472775028099	0.932	0.509	1.20991276546409e-153	c11	NKG7
1.79423301508374e-156	1.08304781976669	0.739	0.458	6.56707225850801e-152	c11	PLP2
4.55463270600199e-156	1.77836106550369	0.313	0.096	1.66704111672379e-151	c11	OASL
9.25232705897397e-151	1.00804146091406	0.687	0.344	3.38644422685506e-146	c11	CD8B
2.01164824414011e-149	1.6661545154184	0.307	0.095	7.36283373837723e-145	c11	TNFSF14
2.11632820344834e-142	1.49434829502074	0.473	0.208	7.74597285744126e-138	c11	HOPX
9.35765694483942e-132	0.594116313468832	0.966	0.896	3.42499601838068e-127	c11	GAPDH
5.85316612965011e-131	1.84443480147899	0.299	0.101	2.14231733511324e-126	c11	LINC02446
4.12448895687068e-127	1.95722991388043	0.208	0.055	1.50960420310424e-122	c11	APOBEC3H
1.65887017452421e-124	0.98880608434354	0.555	0.269	6.07163072577605e-120	c11	KLRK1
1.27940053162784e-122	0.691227006947309	0.89	0.736	4.68273388581104e-118	c11	CD99
8.88664865180366e-118	0.90900051315791	0.662	0.368	3.25260227304666e-113	c11	GZMK
4.43325782944086e-115	2.65460863359846	0.085	0.011	1.62261669815365e-110	c11	AC243829.4
3.96706252613083e-114	1.14881646105122	0.569	0.321	1.45198455518915e-109	c11	ADGRE5
2.17078091166131e-113	0.652949861286956	0.905	0.758	7.94527521477156e-109	c11	S100A11
1.3652580315966e-111	3.21698527958408	0.055	0.005	4.99698092144671e-107	c11	IGHV1-3
2.0953281025327e-110	1.57321425189147	0.277	0.097	7.66911038807995e-106	c11	PTMS
2.41596187327601e-105	1.50252606317453	0.383	0.174	8.84266205237751e-101	c11	APOBEC3C
9.42401213163641e-105	0.649727610909188	0.889	0.797	3.44928268030024e-100	c11	ATP5F1E
3.12928018330749e-103	1.0273047544477	0.632	0.405	1.14534783989237e-98	c11	EZR
4.26845233860002e-101	1.15697596547823	0.491	0.258	1.56229624045099e-96	c11	C12orf75
4.42714810631338e-100	1.71150835844712	0.167	0.044	1.62038047839176e-95	c11	CCR5
2.47466584086961e-97	1.38745886072464	0.35	0.153	9.05752444416685e-93	c11	MATK
2.60144805825722e-97	1.3811442056368	0.312	0.126	9.52156003802726e-93	c11	IVNS1ABP
2.82446608402219e-96	2.09864358415699	0.131	0.03	1.03378283141296e-91	c11	CPNE7
3.20187720976256e-96	1.64167294318604	0.437	0.239	1.17191907754519e-91	c11	PTPRCAP
2.2113521019976e-93	0.509001841246677	0.948	0.874	8.09376982852141e-89	c11	MYL6
7.86465252170963e-92	0.636291161871221	0.844	0.702	2.87854146947094e-87	c11	LSP1
7.40986062267462e-91	1.08149298123459	0.573	0.359	2.71208308650514e-86	c11	COTL1
1.00674013902129e-83	0.835668449710073	0.652	0.44	3.68476958283184e-79	c11	CTSC
3.40083302093915e-83	0.484180624690716	0.825	0.529	1.24473889399394e-78	c11	CST7
7.1977629155184e-81	0.755042999790351	0.734	0.553	2.63445320470889e-76	c11	PSMA7
4.05514619149388e-80	0.547894007314627	0.768	0.525	1.48422405754867e-75	c11	CTSW
1.93066383011248e-77	1.33219418218978	0.238	0.092	7.06642268459467e-73	c11	GNPTAB
2.29772253663216e-77	1.45985353702111	0.19	0.064	8.40989425632738e-73	c11	LDLRAD4
1.41521649157278e-71	1.25521313560806	0.275	0.12	5.17983388080554e-67	c11	ABI3
3.02577450627418e-71	1.18774515923209	0.273	0.118	1.10746372704141e-66	c11	IL2RB
4.14352592560345e-71	1.12447313739935	0.212	0.079	1.51657192403012e-66	c11	AOAH
6.87285891906139e-71	0.914180633952741	0.495	0.295	2.51553509296566e-66	c11	CAPG
1.99930483042203e-70	0.414809887060769	0.984	0.922	7.31765560982769e-66	c11	IL32
2.2160182707246e-69	0.53608999274871	0.897	0.796	8.11084847267912e-65	c11	EMP3
3.64339612280082e-68	2.46733444433038	0.179	0.063	1.33351941490633e-63	c11	CCL4L2
9.09422953468959e-66	0.572652462779544	0.803	0.683	3.32857895199174e-61	c11	RHOA
5.40283136944631e-65	0.790177328699993	0.612	0.434	1.97749030953104e-60	c11	DRAP1
1.55527984270169e-64	0.503472651656344	0.904	0.816	5.69247975227247e-60	c11	S100A10
8.49180863542907e-63	1.25651377429788	0.302	0.148	3.10808687865339e-58	c11	GYG1
8.55393387929664e-63	0.589346371449925	0.841	0.727	3.13082533916136e-58	c11	TAGLN2
1.64209312915236e-62	0.605447584249595	0.81	0.667	6.01022506201057e-58	c11	ANXA1
4.34788557440633e-62	1.18243333491797	0.341	0.178	1.59136959908846e-57	c11	RGCC
7.09996086269415e-61	0.463366023547998	0.92	0.83	2.59865667535468e-56	c11	CORO1A
1.70567359535935e-60	0.883150274747539	0.332	0.164	6.24293592637477e-56	c11	KLRD1
1.64052895552648e-59	1.70447028075313	0.125	0.038	6.00450003012247e-55	c11	PDCD1
2.99775766075597e-59	1.02094339414053	0.388	0.221	1.09720928141329e-54	c11	GLIPR2
3.92117221058329e-59	0.105008537574861	0.999	0.998	1.43518824079559e-54	c11	MT-CO1
3.9600545118048e-59	1.00475616269033	0.363	0.197	1.44941955186568e-54	c11	ACTN4
8.9582021083233e-59	1.99129030279744	0.097	0.025	3.27879155366741e-54	c11	TNIP3
6.27735654029728e-57	0.606499234833811	0.786	0.639	2.29757526731421e-52	c11	HLA-DRB1
1.29240853456171e-56	1.75236924143697	0.148	0.053	4.73034447734933e-52	c11	C11orf98
1.71191549882567e-56	0.648723890949472	0.658	0.497	6.26578191725183e-52	c11	ANXA2
9.24501568944907e-56	1.3436441877535	0.222	0.097	3.38376819249525e-51	c11	CLIC3
3.53802355156056e-54	0.736296982283006	0.526	0.356	1.29495200010668e-49	c11	STK17A
3.6889785708852e-54	0.745894460435007	0.565	0.389	1.35020304672969e-49	c11	CD63
4.99432455917937e-54	0.457736969869313	0.835	0.733	1.82797273190524e-49	c11	MYL12B
5.95880518418347e-54	0.39407567254703	0.956	0.907	2.18098228546299e-49	c11	CD52
1.46849768380743e-53	0.408516205668963	0.961	0.899	5.37484837250356e-49	c11	S100A4
2.88102086983932e-53	1.74992168808369	0.073	0.017	1.05448244856989e-48	c11	TRGV5
5.79539400468021e-53	0.46277294667256	0.823	0.7	2.121172159653e-48	c11	CYBA
8.0363113507155e-52	1.66883041805984	0.153	0.057	2.94137031747538e-47	c11	AL133415.1
9.98049804070174e-52	1.20677559797782	0.212	0.093	3.65296208787724e-47	c11	SLF1
3.28468435327193e-51	0.830897734485804	0.404	0.239	1.20222732014106e-46	c11	ID2
5.53679571860142e-51	0.992859225666786	0.305	0.161	2.02652260096531e-46	c11	PTPN7
1.10872808192925e-50	1.84521502418915	0.104	0.031	4.05805565266926e-46	c11	XCL1
2.00047516096407e-50	0.282229061081313	0.997	0.993	7.32193913664458e-46	c11	ACTB
5.93162903065902e-50	2.46166997397954	0.067	0.015	2.17103554151151e-45	c11	EPHA1
6.7677803353894e-50	0.204856790999584	0.999	0.989	2.47707528055587e-45	c11	HLA-A
3.23835764451471e-49	1.14692460959971	0.227	0.106	1.18527128146883e-44	c11	PLEKHF1
3.64280030909331e-49	1.33707868312115	0.212	0.096	1.33330134113124e-44	c11	PLCG2
8.44042991983525e-48	0.836522524987189	0.368	0.215	3.0892817549589e-43	c11	IKZF3
9.23277658627007e-48	0.657823600706774	0.636	0.502	3.37928855834071e-43	c11	UBL5
1.53402378667177e-47	0.37458674415576	0.918	0.868	5.61468046159736e-43	c11	MYL12A
1.73395572145542e-47	0.545589717330748	0.773	0.642	6.34645133609897e-43	c11	HSPA8
2.32868245325236e-47	1.02084911513071	0.242	0.118	8.52321064714896e-43	c11	SOCS1
2.74997490523676e-47	0.500323626046175	0.743	0.592	1.00651831506571e-42	c11	KLF6
5.32000651947487e-47	0.677207005896332	0.557	0.392	1.947175586193e-42	c11	ANXA5
3.19913306714099e-46	0.722623568150724	0.502	0.342	1.17091469390427e-41	c11	DYNLL1
5.67282045345463e-46	0.659292000840786	0.634	0.497	2.07630901416893e-41	c11	ALOX5AP
2.35618555581468e-45	0.647937910303449	0.556	0.4	8.62387475283732e-41	c11	DBI
3.34900939989312e-45	0.257224408668839	0.986	0.959	1.22577093045488e-40	c11	PFN1
4.26844493266016e-45	0.513729560104227	0.734	0.607	1.56229352980294e-40	c11	PSMB9
6.93525014338042e-45	0.492335762034074	0.669	0.517	2.53837090497867e-40	c11	AHNAK
7.77847789006728e-45	1.07954238012623	0.261	0.136	2.84700069254352e-40	c11	JAML
8.34175323981483e-45	0.403434309631884	0.835	0.745	3.05316510330463e-40	c11	ARPC2
1.8472690451694e-44	0.857249257855557	0.451	0.307	6.76118943222454e-40	c11	ZYX
5.64124556860944e-44	0.731252931804056	0.48	0.326	2.06475229056674e-39	c11	CLEC2B
7.20402170103384e-44	0.752591378698666	0.488	0.339	2.6367439827954e-39	c11	STK17B
7.70499999680007e-44	0.609891739381602	0.618	0.482	2.82010704882879e-39	c11	CD44
2.95781141743531e-43	1.35360040574741	0.149	0.06	1.0825885568955e-38	c11	EOMES
7.10961167088969e-43	1.19283161288071	0.201	0.094	2.60218896766234e-38	c11	TNFRSF1A
7.67702767371263e-43	0.860891277000061	0.446	0.303	2.80986889885556e-38	c11	PCBP1
1.19442196682114e-42	1.04879024394522	0.171	0.074	4.37170384076206e-38	c11	SLAMF7
1.75428029301198e-41	0.974153893389635	0.299	0.17	6.42084130045315e-37	c11	PLEC
3.75929511554117e-41	0.302322573469781	0.954	0.902	1.37593960523922e-36	c11	CFL1
3.90474328222984e-41	0.928991610522768	0.223	0.109	1.42917508872894e-36	c11	PLAAT3
8.95993530773941e-41	0.720976495210271	0.457	0.309	3.2794259219857e-36	c11	NOP10
1.24654291829724e-40	1.03964045793216	0.238	0.123	4.56247173525974e-36	c11	RAB27A
5.19398551199427e-40	0.826156594599383	0.377	0.237	1.90105063724502e-35	c11	IDH2
9.39283542731844e-40	0.684435159445925	0.488	0.343	3.43787169475282e-35	c11	ZFP36L1
9.6543198730881e-40	1.19781577285189	0.161	0.07	3.53357761674897e-35	c11	B3GNT2
1.69369866006725e-39	0.912031982317492	0.281	0.157	6.19910646571213e-35	c11	SAMD3
3.59006759406782e-39	0.602456381927074	0.502	0.35	1.31400064010476e-34	c11	JUN
4.82737886558303e-39	1.30576816321349	0.137	0.056	1.76686893859204e-34	c11	CYSTM1
1.13555159257925e-38	0.581673086071428	0.466	0.318	4.15623238399932e-34	c11	IQGAP1
2.24452995994612e-38	0.84280657948428	0.386	0.251	8.21520410639878e-34	c11	PIM1
2.24824719852407e-38	1.31276547412793	0.104	0.037	8.22880957131793e-34	c11	GALNT6
2.65730748739909e-38	0.435027408765984	0.894	0.847	9.7260111346294e-34	c11	MT-ND2
3.31950412418944e-38	0.995931365458733	0.277	0.157	1.21497170449458e-33	c11	MYADM
5.41301895408976e-38	0.425422726000773	0.703	0.583	1.98121906738639e-33	c11	LCP1
6.79496550151991e-38	0.474098374380499	0.72	0.609	2.4870253232113e-33	c11	COX6A1
9.35636070790841e-38	1.12863862739534	0.227	0.12	3.42452158270156e-33	c11	ITGAE
1.02180148609474e-37	1.17004173174053	0.171	0.078	3.73989561925536e-33	c11	CALHM2
1.38146100346763e-37	0.863353292887588	0.384	0.257	5.05628541879187e-33	c11	PET100
2.63027298049513e-37	0.164260964900429	0.999	0.996	9.62706213591021e-33	c11	HLA-B
3.23845663380707e-37	0.986410266062567	0.231	0.122	1.18530751253972e-32	c11	CD58
6.92859506750074e-37	1.10721353275464	0.196	0.096	2.53593508065594e-32	c11	TMEM43
9.32868904099566e-37	0.655065706408606	0.541	0.41	3.41439347589482e-32	c11	TRMT112
1.46110267407955e-36	1.30891450331908	0.202	0.102	5.34778189739858e-32	c11	AL627171.2
1.86236617411375e-36	0.592754138847385	0.592	0.465	6.81644643387372e-32	c11	NDUFB2
2.20444740532581e-36	0.620928850663238	0.548	0.418	8.06849794823301e-32	c11	CAP1
2.24295337968744e-36	1.33352612895195	0.086	0.028	8.209433664994e-32	c11	CCR2
2.31035222575935e-36	1.24163273453575	0.17	0.079	8.45612018150181e-32	c11	DDAH2
4.12594902224622e-36	1.6752102259177	0.103	0.038	1.51013860163234e-31	c11	GALNT2
4.54134800822855e-36	0.914709970541383	0.323	0.198	1.66217878449173e-31	c11	IFI27L2
4.94229491653947e-36	0.678898422637349	0.54	0.424	1.80892936240261e-31	c11	PGK1
6.39069778918098e-36	0.962825611927181	0.252	0.14	2.33905929781813e-31	c11	SMIM29
1.06146571929318e-35	0.389739277063953	0.785	0.676	3.88507067918496e-31	c11	HCST
1.12591462805972e-35	0.669486433355604	0.305	0.178	4.1209601301614e-31	c11	RBPJ
1.43360354922967e-35	0.406405362867437	0.813	0.725	5.24713235053553e-31	c11	CD3D
1.44364725856674e-35	0.837256219013338	0.346	0.219	5.28389333108011e-31	c11	TPM4
2.05145087726333e-35	1.21878085586538	0.157	0.071	7.50851535587151e-31	c11	BCL2L1
2.22387380932377e-35	2.55504877085875	0.035	0.006	8.13960052950593e-31	c11	SMPD3
2.70489150754933e-35	1.3467330200183	0.106	0.04	9.90017340678131e-31	c11	CD70
2.70562610304272e-35	1.341622332147	0.113	0.043	9.90286209974666e-31	c11	SLC1A5
3.34670474427275e-35	1.4169745912765	0.082	0.027	1.22492740345127e-30	c11	GPR68
4.13909616819478e-35	0.644507355358763	0.544	0.428	1.51495058852097e-30	c11	HIST1H4C
4.69265401262557e-35	0.849759619711646	0.33	0.207	1.71755829516109e-30	c11	TAP1
4.79009946587803e-35	1.4566403561998	0.101	0.037	1.75322430550602e-30	c11	MIR155HG
6.05774733897066e-35	0.477220335507307	0.668	0.559	2.21719610353665e-30	c11	CALM2
6.07944119053278e-35	0.373694253861474	0.855	0.769	2.2251362701469e-30	c11	RAC2
6.36854877196079e-35	0.390513618172222	0.792	0.699	2.33095253602537e-30	c11	ARPC3
6.46520821064572e-35	0.998043162643714	0.239	0.132	2.36633085717844e-30	c11	YWHAH
7.97102633893136e-35	0.824426278401597	0.283	0.164	2.91747535031227e-30	c11	CHST12
1.33463228470459e-34	0.512912328932246	0.648	0.536	4.88488762524726e-30	c11	SUB1
1.57031062203803e-34	1.34395559657127	0.125	0.051	5.74749390772138e-30	c11	NUDT14
2.12809672557323e-34	1.049575993159	0.172	0.082	7.78904682527059e-30	c11	SLA2
2.15617303742621e-34	1.9767830194317	0.052	0.013	7.89180893428366e-30	c11	IL9R
2.50045636141248e-34	0.618325827770575	0.537	0.413	9.1519203284058e-30	c11	RABAC1
2.58986355772808e-34	2.44688437383121	0.044	0.01	9.47915960764054e-30	c11	NBL1
3.13122828600572e-34	0.873960784016175	0.235	0.127	1.14606086496095e-29	c11	GPR174
4.28157712083312e-34	1.18051418630562	0.137	0.059	1.56710004199613e-29	c11	TOX
5.40670921170642e-34	1.52945936339239	0.12	0.049	1.97890963857667e-29	c11	HIGD1A
9.02502820551892e-34	0.67874275043698	0.437	0.308	3.30325057350198e-29	c11	MRPL41
2.34749583300334e-33	1.15848222063735	0.196	0.101	8.59206949837552e-29	c11	LINC01871
2.68913060004383e-33	1.56678707688785	0.058	0.015	9.84248690922044e-29	c11	TMEM200A
2.9307795651564e-33	0.643441302453893	0.533	0.41	1.07269462864289e-28	c11	ATP5MD
4.45533860633165e-33	0.977097800097162	0.218	0.117	1.63069848330345e-28	c11	UBE2A
4.72033255635987e-33	0.740405470308523	0.421	0.293	1.72768891895328e-28	c11	POMP
5.22920090865747e-33	0.421052944752855	0.73	0.618	1.91393982457772e-28	c11	YWHAZ
9.59372268117246e-33	1.48511950618478	0.083	0.028	3.51139843853593e-28	c11	AC103702.2
1.00794567075916e-32	0.705186640567353	0.325	0.2	3.68918194954561e-28	c11	FABP5
1.03095596352152e-32	1.07131013468673	0.167	0.08	3.77340192208513e-28	c11	KLRC4
1.12097673571134e-32	0.744115365664101	0.413	0.291	4.10288695037708e-28	c11	SNRPG
1.41616764742545e-32	1.74057674313888	0.061	0.017	5.1833152063419e-28	c11	HAVCR2
2.18856376908467e-32	0.326333684261196	0.943	0.906	8.01036225122679e-28	c11	ACTG1
3.45761131346267e-32	0.613764187518663	0.473	0.347	1.26552031684047e-27	c11	LCP2
3.64492061004471e-32	1.024692234446	0.111	0.044	1.33407739248246e-27	c11	SKIL
3.87092243866316e-32	0.452314191284284	0.623	0.498	1.4167963217751e-27	c11	LRRFIP1
5.30276240877245e-32	0.953294384850852	0.19	0.097	1.9408640692348e-27	c11	SLC39A10
5.64533077995994e-32	0.536283519874676	0.485	0.35	2.06624751877314e-27	c11	ITGB1
1.01063038959901e-31	1.61892290624469	0.074	0.024	3.69900828897135e-27	c11	KLRC2
1.29344440336911e-31	0.611127683998119	0.709	0.647	4.73413586077128e-27	c11	MT-ATP8
1.61552920199484e-31	0.75029957419467	0.286	0.171	5.9129984322213e-27	c11	CDC42EP3
3.28651999202644e-31	1.63758032117242	0.089	0.033	1.2028991822816e-26	c11	APOBEC3D
3.90908717604503e-31	1.78447917375245	0.044	0.01	1.43076499730424e-26	c11	SRGAP3
3.99026405550385e-31	0.551133720641309	0.522	0.391	1.46047654695496e-26	c11	PRELID1
5.45611482931456e-31	0.361358960953413	0.812	0.729	1.99699258867742e-26	c11	HMGB1
1.39934660959223e-30	0.564439591136473	0.511	0.385	5.1217485257685e-26	c11	PPP1R18
1.88443071628746e-30	1.10216552590943	0.158	0.077	6.89720486468373e-26	c11	PREX1
2.1714808515597e-30	1.38863709943302	0.065	0.02	7.94783706479367e-26	c11	GCNT1
2.27506341581039e-30	0.514162516299216	0.62	0.499	8.32695960820761e-26	c11	MYH9
2.54270553923336e-30	1.46018557165043	0.076	0.026	9.30655654414803e-26	c11	NDFIP2
2.68391277691016e-30	1.00972936059141	0.232	0.133	9.82338915476889e-26	c11	AP2B1
2.99646636168762e-30	0.791799474122748	0.401	0.288	1.09673665304128e-25	c11	ATP5ME
4.67088671829114e-30	0.806074052409687	0.253	0.148	1.70959124776174e-25	c11	NIBAN1
4.93328546239574e-30	0.834311470172911	0.236	0.133	1.80563181209146e-25	c11	SEPTIN11
5.3205835639338e-30	1.7634902674855	0.051	0.014	1.94738679023541e-25	c11	LPAR5
7.10701770158674e-30	0.782264923869092	0.364	0.249	2.60123954895776e-25	c11	SIT1
1.01292583359502e-29	0.618011034880621	0.446	0.324	3.70740984354112e-25	c11	REEP5
1.0383546390473e-29	0.695725647952678	0.409	0.29	3.80048181437703e-25	c11	NDUFA6
1.32758924265961e-29	0.83575557054813	0.326	0.215	4.85910938705844e-25	c11	C4orf48
2.04470072592517e-29	1.15157576192687	0.086	0.031	7.4838091269587e-25	c11	ATP10D
3.47374249194191e-29	0.857377978010496	0.256	0.152	1.27142448947566e-24	c11	YWHAE
3.88297143347556e-29	1.76306843955672	0.055	0.016	1.42120637436639e-24	c11	CCR1
4.44382930158253e-29	0.817215099288998	0.279	0.172	1.62648596267222e-24	c11	THEMIS
7.81947254750686e-29	1.19814928691365	0.155	0.077	2.86200514711299e-24	c11	TARS
1.40696668774368e-28	0.631471335243258	0.395	0.275	5.14963877381065e-24	c11	KRAS
1.46575612709995e-28	0.533526904041793	0.456	0.336	5.36481400079852e-24	c11	NCOR1
2.17122021515477e-28	0.888705768747858	0.273	0.169	7.94688310948797e-24	c11	GRAP2
2.7488650000707e-28	0.36073696496282	0.741	0.638	1.00611207867588e-23	c11	SRGN
3.62134891235063e-28	0.734019421225518	0.408	0.297	1.32544991540945e-23	c11	SEM1
3.65668769256168e-28	0.107491828752023	0.818	0.75	1.3383842623545e-23	c11	PTPRC
4.13042762078264e-28	0.878217743463224	0.2	0.11	1.51177781348266e-23	c11	YARS
4.78002405671847e-28	0.672862586040681	0.428	0.311	1.74953660499953e-23	c11	ARPC5L
4.78230816588604e-28	0.503961306350598	0.675	0.587	1.75037261179595e-23	c11	LY6E
5.44475672436798e-28	0.396748832249831	0.745	0.672	1.99283540868592e-23	c11	TMA7
1.18196887292563e-27	0.91324570253549	0.189	0.102	4.32612427179511e-23	c11	CDK6
1.29905181186034e-27	0.698198831029267	0.422	0.308	4.75465953659005e-23	c11	TRAC
1.82020656602175e-27	0.477729230728394	0.552	0.433	6.6621380522962e-23	c11	ACTR3
1.82306854087635e-27	1.21627503038548	0.124	0.056	6.67261316646152e-23	c11	XCL2
1.84919409207575e-27	0.858353853450352	0.195	0.106	6.76823529640645e-23	c11	PTPN22
2.45876130834279e-27	1.11751974575746	0.168	0.088	8.99931226466545e-23	c11	PTK2B
2.52837524774027e-27	0.917495344228082	0.194	0.106	9.25410624425416e-23	c11	ARL6IP6
2.74785888182638e-27	1.11249242334522	0.165	0.086	1.00574382933727e-22	c11	DYNLRB1
2.91095305673917e-27	0.396049236065192	0.67	0.571	1.0654379282971e-22	c11	PPP1CA
2.9676369326771e-27	0.487275732440621	0.561	0.448	1.08618479372915e-22	c11	DDX24
3.37765375293587e-27	0.448388470699114	0.633	0.53	1.23625505011206e-22	c11	TPI1
3.41883645737319e-27	0.570720082067024	0.434	0.318	1.25132833176316e-22	c11	SP100
3.45575857695607e-27	0.60252778230933	0.495	0.393	1.26484219675169e-22	c11	POLR2L
4.74868681692842e-27	1.46295434312335	0.092	0.037	1.73806686186397e-22	c11	TRGV3
5.56084369304856e-27	0.637889869184976	0.405	0.291	2.03532440009271e-22	c11	CIAO2B
7.4461244846166e-27	1.33637685275503	0.069	0.024	2.72535602261452e-22	c11	RGS9
9.06018007011861e-27	0.767865530541014	0.351	0.247	3.31611650746411e-22	c11	ROMO1
9.84918099127955e-27	0.836684834507948	0.181	0.096	3.60489873461823e-22	c11	HSPA1A
1.02956997663104e-26	1.67221200346914	0.068	0.023	3.76832907146729e-22	c11	CCL3
1.27665834619242e-26	0.639271398737034	0.362	0.249	4.67269721289887e-22	c11	GNG2
2.3053944891813e-26	1.74718321268346	0.067	0.023	8.43797436985246e-22	c11	APOBEC3F
3.51705316321253e-26	1.07910632846146	0.124	0.057	1.28727662826742e-21	c11	PPP2R2B
7.59909097970073e-26	1.10707711244554	0.134	0.065	2.78134328948026e-21	c11	GABARAPL1
9.91051639241203e-26	0.940908325100375	0.167	0.087	3.62734810478673e-21	c11	ARHGAP18
1.45536590935582e-25	2.29262462015486	0.024	0.004	5.32678476483325e-21	c11	AC022075.1
1.50595252089486e-25	0.555873730662321	0.473	0.359	5.5119368217273e-21	c11	TBCB
1.65042768948854e-25	0.966599647929139	0.202	0.116	6.04073038629701e-21	c11	MAGED2
2.56012544392523e-25	0.687506844134794	0.459	0.359	9.37031513731072e-21	c11	ITM2A
3.2249576855309e-25	0.417132249218256	0.635	0.532	1.18036676248117e-20	c11	KRTCAP2
4.33821062095749e-25	0.483206474518077	0.587	0.482	1.58782846937665e-20	c11	LDHA
4.56099398037957e-25	1.75606513754487	0.058	0.019	1.66936940675873e-20	c11	PPP1R14B
8.00411185972048e-25	1.12919842428452	0.138	0.069	2.92958498177629e-20	c11	MTHFD2
8.81605080019867e-25	0.905409251581407	0.229	0.139	3.22676275338071e-20	c11	ORMDL2
9.09436436231341e-25	0.654895413087364	0.301	0.198	3.32862830025033e-20	c11	RASAL3
9.70151596990313e-25	0.701325420852705	0.387	0.285	3.55085186014424e-20	c11	FKBP1A
9.85306588936054e-25	2.31791421431893	0.02	0.003	3.60632064616485e-20	c11	STYK1
1.12023751501096e-24	1.32206315889959	0.124	0.06	4.10018132869162e-20	c11	SNRPD3
1.55164435501023e-24	0.550068287761853	0.447	0.338	5.67917350377293e-20	c11	PRDX5
1.59293375992569e-24	0.265070168713911	0.92	0.886	5.83029685470402e-20	c11	MT-ND4
2.35229545627405e-24	0.705499877854016	0.381	0.276	8.60963659950867e-20	c11	CDK2AP2
2.97780492549073e-24	0.4231892812314	0.628	0.523	1.08990638077886e-19	c11	SEPTIN7
3.02726489294379e-24	0.557718293250622	0.465	0.359	1.10800922346636e-19	c11	BLOC1S1
3.20617715611409e-24	0.698190048270541	0.379	0.273	1.17349290090932e-19	c11	CCDC107
3.35581461468199e-24	0.367853281284624	0.737	0.65	1.22826170711975e-19	c11	PPIB
3.86968832588281e-24	1.0769310595958	0.109	0.049	1.41634462415637e-19	c11	ACOT7
4.68436074632787e-24	0.920824148006351	0.151	0.078	1.71452287676346e-19	c11	F2R
5.73902173810955e-24	1.76763768194023	0.05	0.015	2.10053934636548e-19	c11	PSAT1
6.66883523497123e-24	0.446938614053351	0.627	0.531	2.44086038435182e-19	c11	COX7A2
9.12720810601575e-24	1.09475937665899	0.104	0.047	3.34064943888283e-19	c11	PIK3CG
1.09957072481132e-23	0.812698603818509	0.225	0.135	4.02453880988191e-19	c11	TYMP
1.66393181634792e-23	0.732818882652274	0.295	0.198	6.09015684101503e-19	c11	SARS
1.80478068885455e-23	0.490828662233255	0.524	0.424	6.60567779927653e-19	c11	ATP5MF
1.89803515373198e-23	0.956049282285873	0.167	0.091	6.94699846617442e-19	c11	TSG101
3.15659924089448e-23	1.06798218406718	0.132	0.066	1.15534688815979e-18	c11	NEDD9
3.4921760251473e-23	0.596987741219401	0.386	0.28	1.27817134696416e-18	c11	JPT1
3.90276359550153e-23	0.863990604958951	0.206	0.123	1.42845050358951e-18	c11	TANK
4.04307327624699e-23	1.08363141091731	0.115	0.055	1.47980524983916e-18	c11	MSMO1
5.10130005468026e-23	0.325058033966471	0.832	0.761	1.86712683301352e-18	c11	YWHAB
5.84587774175684e-23	0.896647660624308	0.201	0.118	2.13964971226042e-18	c11	COMMD8
6.4474422098453e-23	0.707420650702643	0.236	0.147	2.35982832322548e-18	c11	MAP4
1.20890748552426e-22	0.479696609217246	0.532	0.432	4.42472228776735e-18	c11	GNG5
1.25375408786777e-22	0.56994837108872	0.33	0.226	4.58886533700482e-18	c11	GBP5
1.32593589263302e-22	0.278316610952063	0.86	0.789	4.8530579606261e-18	c11	H3F3A
1.32649335272295e-22	1.66870063148059	0.037	0.01	4.85509832030128e-18	c11	SLC27A2
1.38390924510296e-22	1.29372192281906	0.087	0.037	5.06524622800136e-18	c11	DUSP4
1.43829805592164e-22	0.862711714006171	0.15	0.079	5.2643147144788e-18	c11	KIF21A
1.44477849757203e-22	0.612629549335245	0.401	0.3	5.2880337789634e-18	c11	RBX1
2.10176208001019e-22	0.484628394640356	0.518	0.413	7.69265938904529e-18	c11	COX5A
2.85530885517944e-22	0.44912610530132	0.561	0.455	1.04507159408423e-17	c11	ATP5F1B
3.07462011813405e-22	0.840125099233067	0.225	0.14	1.12534170943824e-17	c11	DAXX
3.21007285296842e-22	1.09780208030544	0.144	0.076	1.17491876491497e-17	c11	RNF34
3.94805399702948e-22	0.443131399061954	0.558	0.456	1.44502724345276e-17	c11	GSTP1
4.55820789900035e-22	0.530183297595515	0.418	0.317	1.66834967311312e-17	c11	KTN1
4.58319739886583e-22	0.392581460270781	0.644	0.55	1.67749607995888e-17	c11	NDUFA13
6.96035874720754e-22	0.658091553666698	0.385	0.291	2.54756090506543e-17	c11	EIF2S2
7.29437647210394e-22	0.546700732852843	0.345	0.241	2.66981473255476e-17	c11	SH2D2A
9.29718690954683e-22	0.458628887325439	0.299	0.197	3.40286338076324e-17	c11	ATP2B4
1.31934744813691e-21	2.788993438226	0.019	0.003	4.8289435949259e-17	c11	JAG2
1.50062038157961e-21	0.918531970913888	0.09	0.039	5.49242065861954e-17	c11	PHLDA1
2.15854356108812e-21	0.731507596494323	0.185	0.107	7.90048528793862e-17	c11	RAB8B
2.2991237855103e-21	0.588100274085278	0.397	0.3	8.41502296734624e-17	c11	EIF5
2.530158095276e-21	0.828776232307299	0.241	0.154	9.2606316445197e-17	c11	CYTOR
2.82163970172956e-21	1.11529149140197	0.132	0.069	1.03274834723004e-16	c11	TSPAN5
3.66613052791893e-21	1.38835529351162	0.05	0.016	1.34184043452361e-16	c11	LFNG
3.88382234349477e-21	0.373159787110624	0.67	0.602	1.42151781594252e-16	c11	CD3G
4.45725867623515e-21	0.686947124999054	0.253	0.165	1.63140124808883e-16	c11	SASH3
5.09505456787615e-21	0.659314625883648	0.236	0.148	1.86484092238835e-16	c11	RUNX3
5.43392316047223e-21	1.80860520295249	0.032	0.008	1.98887021596444e-16	c11	ADARB2
6.05193726840234e-21	0.676889263685064	0.242	0.155	2.21506955960794e-16	c11	AC004687.1
6.85543685533901e-21	2.71351343072489	0.016	0.002	2.50915844342263e-16	c11	SEMA7A
7.08199808118324e-21	1.09294111097038	0.119	0.06	2.59208211769388e-16	c11	MDFIC
1.16605562554749e-20	0.334280137173713	0.642	0.536	4.26788019506638e-16	c11	CTSD
1.22592565724579e-20	0.596438638698603	0.409	0.318	4.48701049808532e-16	c11	NDUFA3
1.36358251441674e-20	1.0243765188777	0.145	0.079	4.99084836101672e-16	c11	PTTG1
1.5895381271532e-20	0.512294189985836	0.335	0.236	5.81786849919341e-16	c11	DOCK8
1.58974361273174e-20	0.742785369161913	0.258	0.172	5.81862059695943e-16	c11	RAC1
1.89729964642233e-20	0.781904402454515	0.2	0.121	6.94430643587037e-16	c11	STIP1
2.65262320030352e-20	0.625560361119178	0.41	0.322	9.70886617543091e-16	c11	ABRACL
2.6740724671487e-20	0.835999811979984	0.129	0.067	9.78737263701095e-16	c11	TESC
2.89086526686001e-20	1.11733660762194	0.105	0.051	1.05808559632343e-15	c11	DDIT3
3.26217929009472e-20	1.03733438108321	0.111	0.054	1.19399024196757e-15	c11	CASP3
3.3597370796194e-20	0.476585585075944	0.374	0.276	1.2296973685115e-15	c11	CD96
4.08558514828966e-20	0.850940087126332	0.121	0.061	1.4953650201255e-15	c11	SYTL2
4.59116122514082e-20	0.816626410707928	0.234	0.151	1.68041092001379e-15	c11	AGTRAP
5.82698624520887e-20	0.317104337879513	0.737	0.653	2.1327352356089e-15	c11	TPM3
6.41013410784512e-20	2.43206043065904	0.021	0.004	2.34617318481239e-15	c11	N4BP3
7.22452531983263e-20	0.46458178410313	0.491	0.398	2.64424851231194e-15	c11	TMEM50A
7.24743483279636e-20	0.551095828946626	0.415	0.323	2.65263362315179e-15	c11	PSMB6
7.32455521838098e-20	1.41291904399768	0.05	0.017	2.68086045547962e-15	c11	AUTS2
7.75937963157184e-20	0.629218465526531	0.302	0.21	2.84001053895161e-15	c11	VKORC1
8.80825130110299e-20	1.51808259873698	0.066	0.026	3.22390805871671e-15	c11	CBWD5
8.82963071318661e-20	0.824340250417482	0.141	0.076	3.23173313733343e-15	c11	ST8SIA4
1.02254936834338e-19	0.413193632819222	0.455	0.352	3.74263294307362e-15	c11	HLA-DQB1
1.05434528979901e-19	0.491800424221565	0.47	0.371	3.85900919519335e-15	c11	ATP5PF
1.33084192233021e-19	0.639710172869887	0.328	0.236	4.87101451992081e-15	c11	CCNDBP1
1.69991421179607e-19	0.719487948655565	0.305	0.221	6.22185600659481e-15	c11	NAA38
1.71792074300489e-19	1.16117244949856	0.075	0.032	6.28776171147219e-15	c11	SPATS2L
1.76705229042413e-19	0.59789999606641	0.33	0.238	6.46758808818137e-15	c11	IDS
1.77980286309912e-19	0.410831750358245	0.585	0.5	6.51425645922909e-15	c11	NDUFS5
1.94637188401749e-19	1.37435503389223	0.095	0.045	7.12391573269243e-15	c11	FKBP2
1.95820159748841e-19	0.976479706016961	0.124	0.065	7.16721366696733e-15	c11	PLSCR1
2.02577114428694e-19	0.991171604154005	0.149	0.084	7.41452496520463e-15	c11	DYNC1I2
2.73002334470546e-19	0.783050817608528	0.206	0.129	9.99215844395645e-15	c11	TXNDC17
2.75240323246493e-19	0.609196728036032	0.457	0.37	1.00740710711449e-14	c11	CD27
4.42133836633272e-19	1.22517349986581	0.051	0.018	1.61825405546144e-14	c11	AC020916.1
5.09814077717477e-19	0.56507949153167	0.364	0.271	1.86597050585374e-14	c11	CLEC2D
6.16969279818422e-19	0.396767274634669	0.618	0.536	2.25816926106341e-14	c11	ENO1
6.25053891840691e-19	0.4373423680572	0.472	0.371	2.28775974952611e-14	c11	IRF1
7.7207467346622e-19	0.364811746991138	0.682	0.597	2.82587051235371e-14	c11	HLA-DPA1
8.27121719643751e-19	0.918924954386241	0.157	0.091	3.02734820606809e-14	c11	SAMSN1
8.78877298339463e-19	0.805918134939133	0.164	0.096	3.21677879965227e-14	c11	IDI1
8.84962203835203e-19	0.619182285414908	0.334	0.248	3.23905016225723e-14	c11	GNAS
8.90588329075895e-19	0.584030125074067	0.34	0.247	3.25964234325068e-14	c11	TMOD3
9.85308718885304e-19	1.08546528433776	0.076	0.033	3.6063284419921e-14	c11	RHOB
1.10114961115245e-18	0.608913021296566	0.352	0.262	4.03031769177908e-14	c11	PTPN6
1.11923563596953e-18	0.653195191328092	0.248	0.165	4.09651435121208e-14	c11	NFATC2
1.18139965044676e-18	0.302497587721913	0.76	0.681	4.3240408606002e-14	c11	RNASEK
1.22916213369829e-18	0.929059378579723	0.21	0.135	4.49885632554911e-14	c11	TRBV27
1.23750102274032e-18	0.693934824011091	0.286	0.201	4.52937749333186e-14	c11	FGFR1OP2
1.30056241485812e-18	0.392277152250537	0.48	0.381	4.76018849462222e-14	c11	PAXX
1.31913094259442e-18	0.583717548962081	0.322	0.232	4.82815116298982e-14	c11	OXNAD1
1.349208542431e-18	0.874828832021051	0.121	0.063	4.9382381861517e-14	c11	SLC16A3
1.49211501590585e-18	1.95207912657177	0.037	0.011	5.461290169717e-14	c11	HIST2H2AA4
1.59996616282015e-18	0.556828384032179	0.39	0.299	5.85603615253804e-14	c11	HNRNPF
1.87617183800262e-18	0.88131957413363	0.149	0.084	6.86697654427339e-14	c11	GPR171
1.99518560077814e-18	0.440895289197773	0.496	0.409	7.30257881740806e-14	c11	SKAP1
2.00917331571797e-18	0.843653068622361	0.155	0.089	7.35377525285935e-14	c11	RALGDS
2.4368690293326e-18	0.724928802401691	0.229	0.15	8.91918433426025e-14	c11	ZNRD1
2.43919111570807e-18	0.658202838558506	0.279	0.196	8.92768340260312e-14	c11	TMCO1
2.56157370020601e-18	0.976144078567522	0.164	0.097	9.37561590012402e-14	c11	LINC00892
2.79705958872976e-18	0.775774893027642	0.18	0.109	1.02375178007098e-13	c11	HSBP1
2.79898327194598e-18	0.679836938637795	0.261	0.178	1.02445586736495e-13	c11	CALCOCO2
2.80423719285301e-18	0.945510202399732	0.167	0.101	1.02637885495613e-13	c11	SEMA4D
3.29770441740771e-18	0.862115830625124	0.134	0.074	1.2069927938154e-13	c11	LMO4
3.30424999730894e-18	2.50770548050267	0.021	0.004	1.20938854151504e-13	c11	LINC02132
3.62421418988544e-18	0.517313654796846	0.408	0.32	1.32649863563997e-13	c11	WDR1
3.64823390864257e-18	0.649967997070993	0.32	0.234	1.33529009290227e-13	c11	DEF6
3.69180549067954e-18	0.573820983380146	0.344	0.253	1.35123772764362e-13	c11	MCL1
5.11788876390392e-18	0.560494442735529	0.315	0.228	1.87319846647647e-13	c11	VDAC1
7.89453786482718e-18	2.18356903092163	0.021	0.004	2.8894798039054e-13	c11	SPRY1
8.04117318738328e-18	0.950780264150427	0.108	0.055	2.94314979831416e-13	c11	RAB35
8.23588395342252e-18	3.92329455329833	0.005	0	3.01441588579218e-13	c11	KIR2DL4
8.77354429345662e-18	0.955562686124791	0.132	0.073	3.21120494684806e-13	c11	MARS
1.07274610076626e-17	0.876645137126936	0.141	0.079	3.92635800341458e-13	c11	TXNDC15
1.10806452409321e-17	0.60790441119366	0.3	0.214	4.05562696463356e-13	c11	RAB11A
1.16598894466026e-17	0.321639037615152	0.653	0.577	4.26763613635103e-13	c11	ELOB
1.3712517694133e-17	1.87219194294682	0.023	0.005	5.01891860122961e-13	c11	OTOF
1.46153956208328e-17	0.372340661989994	0.474	0.368	5.349380951181e-13	c11	HLA-DRB5
1.64821090808132e-17	0.525501511709843	0.373	0.284	6.03261674466845e-13	c11	RNF7
1.86606743068447e-17	0.981606149612337	0.139	0.079	6.82999340304821e-13	c11	CARD19
1.91965655011428e-17	0.465026627834092	0.452	0.367	7.02613493907329e-13	c11	TUBB
1.95650057274413e-17	0.47467347679828	0.435	0.347	7.1609877463008e-13	c11	PSMD8
2.16919182683259e-17	0.714597362988843	0.277	0.196	7.93945900538995e-13	c11	CTSA
2.30726472612629e-17	1.09801434801147	0.113	0.06	8.44481962409485e-13	c11	TBCD
2.39460767397393e-17	1.31856663378739	0.075	0.034	8.76450354751197e-13	c11	RAB33A
2.53804701018511e-17	0.924559630958225	0.286	0.208	9.28950586197851e-13	c11	ISG15
3.25191883084289e-17	0.629944509763519	0.288	0.206	1.19023481127681e-12	c11	FERMT3
3.42159586943569e-17	0.714936959767029	0.278	0.199	1.25233830417216e-12	c11	COX17
3.47616312421355e-17	2.35419724550242	0.014	0.002	1.2723104650934e-12	c11	CCR5AS
3.60772211047608e-17	0.70899621998295	0.293	0.216	1.32046236965535e-12	c11	NDUFB1
3.75446723011129e-17	3.16892322817911	0.009	0.001	1.37417255089303e-12	c11	MYORG
3.78121885497725e-17	1.78559855074389	0.014	0.002	1.38396391311022e-12	c11	ATP8B4
3.96519005608991e-17	0.68445096614076	0.261	0.182	1.45129921242947e-12	c11	SELENOS
4.01465025942916e-17	0.534692952210138	0.335	0.247	1.46940214145367e-12	c11	FDFT1
4.25525030784779e-17	1.04275698115643	0.104	0.054	1.55746416517537e-12	c11	S100PBP
4.60326945779575e-17	0.284761606084442	0.781	0.706	1.68484265424782e-12	c11	MIF
6.31827280198932e-17	0.256597015158086	0.786	0.728	2.31255102825611e-12	c11	PSME1
7.18713331980226e-17	0.413946539046755	0.538	0.452	2.63056266638083e-12	c11	PSMB8
7.21677611374154e-17	0.206825916666475	0.612	0.5	2.64141222539054e-12	c11	LGALS3
7.38921296905565e-17	0.969829884142159	0.116	0.062	2.70452583880406e-12	c11	TRGV10
8.20217698339036e-17	0.253969083892835	0.537	0.442	3.00207879769071e-12	c11	RNF213
8.24122172792769e-17	0.476506802157926	0.492	0.421	3.01636956463881e-12	c11	NDUFA1
9.0130945198692e-17	0.664904483390367	0.236	0.159	3.29888272521733e-12	c11	WNK1
9.17255118228504e-17	0.42816754715855	0.487	0.405	3.35724545822815e-12	c11	ALDOA
9.69514232416479e-17	0.939801738105713	0.071	0.031	3.54851904206755e-12	c11	LDLR
1.23318374639847e-16	0.449648565563203	0.506	0.426	4.51357583019303e-12	c11	NEDD8
1.27536156610888e-16	0.847628233364592	0.227	0.155	4.6679508681151e-12	c11	RALA
1.44719277133249e-16	0.734253132042652	0.189	0.12	5.29687026235403e-12	c11	LASP1
1.77872957172644e-16	0.537780478522406	0.276	0.193	6.51032810547594e-12	c11	ACAA2
2.08682765897795e-16	0.818136630964123	0.19	0.122	7.63799791462518e-12	c11	TCP1
2.64535175346223e-16	0.530346192300838	0.445	0.366	9.68225195284712e-12	c11	PSMB3
3.19399692972446e-16	0.869023688523548	0.196	0.127	1.16903481624845e-11	c11	NGRN
3.54149781505569e-16	0.991478934719484	0.134	0.077	1.29622361528853e-11	c11	MED11
3.55788051235092e-16	0.904806041387476	0.158	0.096	1.30221984632556e-11	c11	GIMAP6
3.87735928496769e-16	0.328491334437936	0.555	0.462	1.41915227189102e-11	c11	MSN
4.1055692229261e-16	1.14312488225953	0.062	0.027	1.50267939128318e-11	c11	SFMBT2
4.30831361102798e-16	0.329299756533042	0.598	0.523	1.57688586477235e-11	c11	GUK1
4.48748674568693e-16	0.82981791796393	0.163	0.1	1.64246502378887e-11	c11	ACTR1A
4.60958533990399e-16	0.484861399436357	0.42	0.339	1.68715433025826e-11	c11	UBE2I
4.74039750296141e-16	0.547817067298807	0.289	0.209	1.73503289005891e-11	c11	DIAPH1
5.03548281456604e-16	0.435730832555088	0.465	0.381	1.84303706495931e-11	c11	ANXA6
5.74914655527079e-16	0.502293564391739	0.335	0.251	2.10424513069466e-11	c11	ROCK1
8.70017765390945e-16	0.205187021224576	0.56	0.449	3.1843520231074e-11	c11	GZMM
9.49279518453368e-16	0.238481366266426	0.859	0.853	3.47445796549117e-11	c11	MT-ND5
1.06685793567259e-15	0.441841163352709	0.453	0.367	3.90480673035524e-11	c11	TXN
1.19914938301432e-15	0.72806788293498	0.196	0.127	4.38900665677071e-11	c11	C14orf119
1.33153722526337e-15	0.475466882254138	0.336	0.253	4.87355939818647e-11	c11	PPP1R12A
1.39197022068479e-15	0.566324083361863	0.319	0.24	5.0947502047284e-11	c11	MRPL51
1.39315092480996e-15	1.06399787492301	0.083	0.041	5.09907169989692e-11	c11	SGMS1
1.51320635849889e-15	0.654012650231783	0.117	0.064	5.53848659274177e-11	c11	SQLE
1.55068561894911e-15	0.46368387100874	0.338	0.245	5.67566443391563e-11	c11	GNLY
1.56989145307257e-15	0.755187864164704	0.186	0.12	5.74595970739092e-11	c11	C12orf65
1.78870506455657e-15	0.904176334196357	0.122	0.069	6.54683940678351e-11	c11	TRAF1
1.79649465604092e-15	1.61911647562216	0.023	0.006	6.57535009057536e-11	c11	L1CAM
2.10800960815951e-15	0.403874094500311	0.531	0.453	7.71552596682461e-11	c11	CIB1
2.53686772231276e-15	0.24740717518698	0.827	0.796	9.28518955043692e-11	c11	RPS29
2.72863965469324e-15	0.649834797522565	0.207	0.138	9.98709400014271e-11	c11	RECQL
2.9512456297981e-15	0.655474185301879	0.251	0.178	1.0801854129624e-10	c11	PSTPIP1
3.10655738323957e-15	0.590579903774036	0.229	0.155	1.13703106783951e-10	c11	SH2D1A
3.12130732514057e-15	0.481003160305304	0.412	0.334	1.1424296940747e-10	c11	NDUFB4
3.37696801338215e-15	0.679562031402464	0.277	0.201	1.236004062578e-10	c11	CCDC167
3.50204385615679e-15	0.889991997248959	0.156	0.096	1.28178307179195e-10	c11	ASF1A
4.02477104440932e-15	0.890598369237895	0.127	0.073	1.47310644996425e-10	c11	AC022706.1
4.03907167212982e-15	0.38451367811901	0.528	0.44	1.47834062271623e-10	c11	TRBC2
4.72804283142429e-15	1.14651049968594	0.09	0.047	1.7305109567296e-10	c11	IMPA1
5.19541709906111e-15	0.542127611420952	0.311	0.232	1.90157461242736e-10	c11	MAP1LC3B
5.22387379582623e-15	0.381836796418445	0.512	0.434	1.91199004801036e-10	c11	ARHGDIA
5.50417889906991e-15	0.982071759516565	0.123	0.071	2.01458451884858e-10	c11	NAA10
5.53565243607506e-15	0.488761624075208	0.358	0.278	2.02610414812783e-10	c11	PPP4C
6.51749715759988e-15	0.990581065332438	0.088	0.045	2.38546913465313e-10	c11	SKI
6.81469453891546e-15	0.67555451209436	0.127	0.072	2.49424634818845e-10	c11	CLSTN3
7.15961516801817e-15	0.938323905835333	0.088	0.045	2.62049074764633e-10	c11	SLC7A5
7.68692940200265e-15	0.516381168547512	0.418	0.344	2.81349303042699e-10	c11	COX7B
8.92865008597771e-15	0.721226237054615	0.195	0.129	3.2679752179687e-10	c11	KIAA0040
1.00001130527753e-14	0.569531513578102	0.261	0.186	3.66014137844628e-10	c11	PHPT1
1.0599993317545e-14	3.94124075745175	0.005	0	3.87970355415465e-10	c11	AL138720.1
1.16658495850015e-14	0.36720061774285	0.508	0.432	4.2698176066064e-10	c11	SELPLG
1.2288346220304e-14	0.64353610223432	0.229	0.157	4.49765760009348e-10	c11	TUBB4B
1.23105062386472e-14	0.488058387407527	0.371	0.295	4.50576838840727e-10	c11	GNB2
1.24255654921822e-14	2.05869509009918	0.013	0.002	4.54788122579362e-10	c11	DRAXIN
1.29768132390279e-14	0.771697397626349	0.13	0.076	4.74964341361659e-10	c11	PDE4DIP
1.33686908843461e-14	0.947401687761382	0.095	0.05	4.89307455057953e-10	c11	SLC20A1
1.4885467338982e-14	0.705059969986271	0.164	0.103	5.44822990074079e-10	c11	PRKAR1A
1.49190380816257e-14	0.579191437925565	0.283	0.207	5.46051712825583e-10	c11	CYB5R3
1.53433266129262e-14	1.38521565327591	0.027	0.008	5.61581097359711e-10	c11	CRIM1
1.6887569487551e-14	0.602337133022576	0.278	0.204	6.18101930813853e-10	c11	EIF6
1.7999486352528e-14	0.495488512560778	0.405	0.327	6.58799199988879e-10	c11	RBM8A
1.9052825313262e-14	0.166278056469165	0.979	0.951	6.97352459290704e-10	c11	PTMA
1.90656975871131e-14	0.307169845688169	0.655	0.594	6.97823597385927e-10	c11	UQCR11
1.93754179942492e-14	0.602190815446576	0.225	0.156	7.09159674007515e-10	c11	TSEN54
1.97875341244823e-14	1.77627261839313	0.023	0.006	7.24243536490177e-10	c11	LINC01410
2.27379589693602e-14	0.924889540241169	0.114	0.064	8.32232036237553e-10	c11	CEBPG
2.71925592518293e-14	1.04959206800529	0.068	0.032	9.95274861176204e-10	c11	TBC1D2B
3.2194672063544e-14	0.88024358274105	0.089	0.046	1.17835719219777e-09	c11	DDX60
3.24751001590315e-14	0.638055155876041	0.214	0.145	1.18862114092071e-09	c11	SLA
3.28825040505611e-14	0.397605929191992	0.481	0.4	1.20353253075459e-09	c11	WDR83OS
3.99471277110799e-14	0.651519995844801	0.22	0.151	1.46210482135324e-09	c11	SURF4
4.23581388129865e-14	0.782685454937053	0.219	0.154	1.55035023869412e-09	c11	SUSD3
4.76112743717713e-14	0.563304571284225	0.287	0.213	1.7426202532812e-09	c11	LSM2
4.8865121813121e-14	0.485745037249094	0.276	0.2	1.78851232348204e-09	c11	RAB5IF
5.14867355890565e-14	1.29110739148612	0.044	0.017	1.88446600929506e-09	c11	SLC2A8
5.43297415408035e-14	1.12754805940929	0.084	0.043	1.98852287013495e-09	c11	AC090152.1
5.53074352549284e-14	0.512537250845539	0.273	0.197	2.02430743776564e-09	c11	DNAJC1
6.48436080523123e-14	0.553565322819529	0.279	0.206	2.37334089832268e-09	c11	EIF1B
6.64323416391212e-14	0.405806739661899	0.464	0.388	2.43149013633347e-09	c11	PA2G4
6.93677633392396e-14	0.560366080196611	0.181	0.118	2.53892950597951e-09	c11	CBLB
7.06272161193224e-14	0.646714591652197	0.169	0.108	2.58502673718332e-09	c11	ARAP2
7.22615387084106e-14	1.11306419898199	0.092	0.049	2.64484457826654e-09	c11	CDKN2A
7.30620755802509e-14	0.673431637013084	0.132	0.078	2.67414502831276e-09	c11	AGPAT2
7.31935625814535e-14	0.719354346902167	0.072	0.034	2.67895758404378e-09	c11	MFSD6
8.20902139831493e-14	0.837317370067494	0.157	0.1	3.00458392199725e-09	c11	IRF7
8.63839811303633e-14	0.610834193492397	0.185	0.121	3.16174009335243e-09	c11	TIGIT
8.83459338884591e-14	0.770116081059231	0.177	0.117	3.23354952625149e-09	c11	IFI35
9.40759066044968e-14	0.361282672828841	0.388	0.307	3.44327225763119e-09	c11	AKAP13
9.50316956602761e-14	0.907563225882958	0.115	0.066	3.47825509286176e-09	c11	EIF4EBP1
1.21741217006106e-13	1.29646099499819	0.038	0.014	4.45585028364049e-09	c11	KIAA1671
1.31415501863571e-13	0.665971675045846	0.145	0.089	4.80993878370858e-09	c11	SAR1A
1.37486942155009e-13	0.828729240079368	0.078	0.039	5.03215956981549e-09	c11	UBE2W
1.44251871224513e-13	0.469806540808826	0.433	0.36	5.2797627386884e-09	c11	DEK
1.52372002610729e-13	1.02642818575717	0.087	0.046	5.5769676675553e-09	c11	LMNB1
1.57990485935154e-13	0.590388896571719	0.165	0.104	5.78260977571259e-09	c11	CD9
1.64568818429437e-13	0.498306605047709	0.208	0.14	6.02338332333581e-09	c11	STOM
1.69342681061558e-13	0.681122961753453	0.212	0.148	6.19811146953408e-09	c11	NRBP1
1.70728710594498e-13	1.2817329480261	0.031	0.01	6.24884153646924e-09	c11	DAPK2
1.83173101065457e-13	0.496362995775772	0.305	0.231	6.70431867209679e-09	c11	RAB1B
1.87035254693778e-13	1.04522655478017	0.076	0.038	6.84567735704698e-09	c11	TRBV6-2
1.97472021732548e-13	1.22288655989328	0.058	0.026	7.22767346743298e-09	c11	TGFBR1
2.14103513363697e-13	0.621820891971308	0.253	0.185	7.83640269262467e-09	c11	NDUFB3
2.26067461574943e-13	0.604483547758593	0.116	0.067	8.27429516110449e-09	c11	DENND1B
2.51916337297425e-13	0.369516461173768	0.465	0.391	9.22038986142305e-09	c11	COPE
3.03248086413243e-13	0.342455967619202	0.543	0.475	1.10991832108111e-08	c11	COX8A
3.43047003762021e-13	0.59917921611317	0.25	0.182	1.25558633846937e-08	c11	FDPS
3.44318612201461e-13	0.420251330678465	0.409	0.334	1.26024055251857e-08	c11	SNRPB
3.57066462177245e-13	0.849078336556316	0.046	0.018	1.30689895821493e-08	c11	HIP1
3.72807537771874e-13	0.324989292655588	0.482	0.401	1.36451286899884e-08	c11	APBB1IP
3.80606908967255e-13	1.22654840504317	0.042	0.016	1.39305934751105e-08	c11	CD101
3.83773318250281e-13	0.962004241083595	0.1	0.056	1.40464872212785e-08	c11	KLF10
3.94515323753206e-13	1.42766099618281	0.024	0.007	1.44396553646911e-08	c11	CYP4F22
3.96463069123205e-13	0.683544949097118	0.23	0.165	1.45109447929784e-08	c11	IAH1
3.99889622613654e-13	0.321189698636917	0.555	0.487	1.46363600772824e-08	c11	CD53
4.081691510907e-13	0.702672453207915	0.173	0.115	1.49393990990707e-08	c11	COMTD1
4.10339929374806e-13	0.577554544583545	0.085	0.044	1.50188517550473e-08	c11	RGS16
4.43338910337963e-13	0.593556854416509	0.172	0.113	1.62266474572798e-08	c11	CLTC
4.53054986736841e-13	0.947377447854715	0.066	0.032	1.65822655695551e-08	c11	PLEKHO2
4.65544738845607e-13	0.190192323845882	0.799	0.733	1.7039402986488e-08	c11	ARPC1B
4.6924043099758e-13	0.472880682635323	0.403	0.336	1.71746690149424e-08	c11	PGAM1
4.75825774430498e-13	0.868370677665065	0.115	0.068	1.74156991699307e-08	c11	RRN3
4.87904373419891e-13	0.62102474910015	0.309	0.239	1.78577879715414e-08	c11	MRPS6
4.98773323071737e-13	0.937580215782981	0.104	0.059	1.82556023977487e-08	c11	NOP2
5.14372256768905e-13	1.72276675413749	0.023	0.006	1.88265389699987e-08	c11	ADGRE2
5.15276002297922e-13	0.963757418699139	0.117	0.069	1.88596169601062e-08	c11	AKTIP
5.55694826270213e-13	0.613226611162519	0.246	0.18	2.0338986336316e-08	c11	ARF6
5.98477092056872e-13	1.52741091523397	0.016	0.004	2.19048600463736e-08	c11	BMF
6.54174854278622e-13	0.381470957003842	0.339	0.264	2.39434538414518e-08	c11	SLFN5
6.70775961924724e-13	0.757782167839999	0.171	0.114	2.45510709824068e-08	c11	OGFR
7.99467458295002e-13	0.338466568710128	0.355	0.274	2.92613084410554e-08	c11	TLN1
8.09716909855267e-13	1.73231054049147	0.022	0.006	2.96364486176126e-08	c11	FBXO2
8.52654721536734e-13	0.271875074040926	0.644	0.582	3.1208015462966e-08	c11	LCK
1.03196989381351e-12	1.1943261508688	0.069	0.034	3.77711300834683e-08	c11	IFNG
1.10380616846536e-12	0.42839521141322	0.477	0.409	4.04004095720006e-08	c11	TMEM258
1.2313257943209e-12	0.271240604045183	0.53	0.457	4.50677553979392e-08	c11	TUBA1B
1.25531302816427e-12	0.544754310410128	0.246	0.178	4.59457121438406e-08	c11	SH3GLB1
1.26954751058928e-12	0.729900884521418	0.127	0.077	4.64667084350783e-08	c11	TIMM17A
1.46413944820707e-12	1.01415353621992	0.09	0.05	5.35889679438269e-08	c11	OTULINL
1.53966863101027e-12	0.834898087020601	0.091	0.05	5.63534115636069e-08	c11	BTN2A1
1.59030804283338e-12	1.05499023231262	0.088	0.048	5.82068646757446e-08	c11	AARS
1.62371121387516e-12	0.59971622694732	0.204	0.142	5.94294541390449e-08	c11	ADSS
1.63774093392504e-12	0.488777145301879	0.275	0.205	5.99429559225904e-08	c11	BRD2
1.72377172171644e-12	0.55921715672905	0.24	0.174	6.30917687865435e-08	c11	EMC7
1.734380883281e-12	0.717925188595779	0.133	0.082	6.3480074708968e-08	c11	VPS26A
1.8668372367517e-12	0.617792918678258	0.139	0.087	6.83281097023488e-08	c11	SLC25A24
1.97959182901005e-12	0.341527299143689	0.514	0.442	7.24550405335969e-08	c11	PARK7
2.6864685866749e-12	0.26765882356196	0.756	0.701	9.83274367408881e-08	c11	HSP90AB1
2.81133292698446e-12	0.283134504386088	0.599	0.532	1.02897596460558e-07	c11	TRIR
2.83288253758333e-12	0.494438767511673	0.388	0.32	1.03686333758088e-07	c11	TUBA4A
2.86890175382546e-12	0.954847344534691	0.137	0.087	1.05004673091766e-07	c11	GRK2
2.91156609733314e-12	1.35919345969397	0.089	0.05	1.0656623072849e-07	c11	TRAV19
2.94253242396382e-12	0.496223746746461	0.332	0.26	1.076996292495e-07	c11	PSMA5
2.97008082926211e-12	0.550712190803425	0.259	0.194	1.08707928431823e-07	c11	ITGB7
3.00671348338048e-12	0.570605483120016	0.167	0.109	1.10048720205209e-07	c11	BHLHE40
3.37763446999051e-12	0.763269547366224	0.102	0.059	1.23624799236123e-07	c11	CBFB
3.66559438621461e-12	2.87650903964273	0.01	0.002	1.34164420129841e-07	c11	PIK3R6
3.78249261440791e-12	0.532423941774103	0.257	0.19	1.38443012179944e-07	c11	IRF9
3.87570399683543e-12	0.480227235318898	0.358	0.291	1.41854641988174e-07	c11	COPS9
4.03165479763469e-12	2.86304835406075	0.006	0.001	1.47562597248227e-07	c11	NXPH4
4.03334064041015e-12	1.39944072838256	0.039	0.015	1.47624300779652e-07	c11	CLIC5
4.20903138240556e-12	0.766318481015978	0.171	0.115	1.54054757627426e-07	c11	UQCC2
4.5954618191107e-12	0.852582193892202	0.082	0.044	1.68198498041271e-07	c11	TSPAN2
4.61618756782394e-12	0.366488906704749	0.411	0.335	1.68957081169924e-07	c11	MGST3
4.7840053662575e-12	1.14309296967144	0.066	0.033	1.75099380410391e-07	c11	ZFYVE21
5.76615756409977e-12	0.993592626784197	0.074	0.038	2.11047133003616e-07	c11	MAD2L1BP
5.98337540445065e-12	0.141705759025689	0.804	0.764	2.18997523178298e-07	c11	IL2RG
6.47704362684717e-12	0.450181797686349	0.338	0.269	2.37066273786233e-07	c11	RHOF
7.17957092819731e-12	1.27535267471663	0.035	0.014	2.6277947554295e-07	c11	LIMK1
7.18250110016468e-12	0.631559142904834	0.137	0.086	2.62886722767128e-07	c11	SLC38A2
8.25170289149529e-12	0.385547129101734	0.285	0.216	3.02020577531619e-07	c11	AKAP9
8.34953782726587e-12	2.05425255235806	0.017	0.004	3.05601434015758e-07	c11	ZNF547
8.53424442114753e-12	0.867816020872874	0.076	0.04	3.12361880058421e-07	c11	RASA1
8.5635290699694e-12	0.267414543382555	0.62	0.558	3.1343372748995e-07	c11	RAN
8.77281237319251e-12	0.28779500717842	0.581	0.517	3.21093705671219e-07	c11	COX5B
8.94471939114969e-12	0.621181883754423	0.178	0.121	3.2738567443547e-07	c11	MTCH2
9.0250542286359e-12	0.362743010342073	0.421	0.35	3.30326009822303e-07	c11	ECH1
9.22015051881586e-12	1.0942315368297	0.035	0.013	3.37466729139179e-07	c11	GALNT3
1.01546044283971e-11	0.568457909799564	0.305	0.241	3.71668676683763e-07	c11	NDUFS6
1.05771187878865e-11	0.622153062339727	0.213	0.153	3.87133124755435e-07	c11	VPS35
1.06933320963483e-11	0.52926681713496	0.177	0.12	3.91386648058445e-07	c11	YIPF5
1.08343809985055e-11	0.529330248511321	0.259	0.194	3.96549178926301e-07	c11	ITGB1BP1
1.09524475885244e-11	0.76522706673733	0.182	0.127	4.00870534187583e-07	c11	COX20
1.19630120796102e-11	0.308064462721698	0.576	0.511	4.37858205125812e-07	c11	SLC25A3
1.20268123184315e-11	0.497669255402951	0.226	0.162	4.4019335766691e-07	c11	ELOVL1
1.21043480008794e-11	0.923664053797938	0.089	0.05	4.43031241180186e-07	c11	FADD
1.21092050326332e-11	0.729986336433406	0.161	0.107	4.43209013399407e-07	c11	CD2BP2
1.27329141403197e-11	0.16371706531476	0.891	0.853	4.6603739044984e-07	c11	SERF2
1.28632295060752e-11	1.06699466796358	0.06	0.029	4.70807063151858e-07	c11	PRXL2C
1.33356940886595e-11	0.414344862543226	0.455	0.389	4.88099739339028e-07	c11	SHISA5
1.37235914537335e-11	0.439106193748508	0.299	0.23	5.022971707981e-07	c11	IFI16
1.39763174254823e-11	1.15250588520951	0.048	0.022	5.1154719409008e-07	c11	SLC43A3
1.40352528704938e-11	0.64162767669285	0.219	0.158	5.13704290312942e-07	c11	PSENEN
1.40726120641176e-11	0.897916376044855	0.08	0.043	5.15071674158769e-07	c11	RSPRY1
1.4300390113316e-11	0.535946261825485	0.303	0.239	5.2340857853748e-07	c11	ZNHIT1
1.45582195725939e-11	0.513786940920703	0.264	0.199	5.32845394576509e-07	c11	PSMA4
1.47131860574015e-11	0.487985897133924	0.305	0.24	5.38517322886954e-07	c11	NDUFC1
1.52693010615744e-11	2.30259984253977	0.019	0.005	5.58871688154684e-07	c11	AC245014.1
1.59841483717475e-11	0.323471662789257	0.439	0.366	5.8503581455433e-07	c11	RAP1B
1.61223238012899e-11	0.276568844460846	0.53	0.456	5.9009317345101e-07	c11	ITGB2
1.68463442518108e-11	0.436256553811299	0.368	0.302	6.16593045960527e-07	c11	ANAPC11
1.68796412813427e-11	0.697427247469448	0.193	0.136	6.17811750538423e-07	c11	MRPS18C
1.74556296573316e-11	0.382468743422342	0.434	0.367	6.38893501087995e-07	c11	SEC62
1.80914623507952e-11	0.571286498920816	0.26	0.196	6.62165613501455e-07	c11	PFDN2
1.86156498149627e-11	0.868396024099486	0.089	0.05	6.8135139887745e-07	c11	RARA
1.90962963772002e-11	0.921013026670862	0.093	0.053	6.98943543701903e-07	c11	SPTY2D1
1.97554905274647e-11	1.40177346336182	0.022	0.007	7.23070708795735e-07	c11	SEMA4A
2.12713924364345e-11	0.659556814397633	0.184	0.128	7.78554234565938e-07	c11	MGAT1
2.37948529933705e-11	0.478910233833506	0.148	0.096	8.70915414410353e-07	c11	PARP14
2.65199858345004e-11	0.538673815466644	0.283	0.219	9.70658001528547e-07	c11	DDX21
2.68951524575002e-11	0.604238740804088	0.135	0.085	9.84389475096966e-07	c11	NAA50
2.7450682941127e-11	0.868610837953837	0.141	0.093	1.00472244632819e-06	c11	JUND
2.90991738041008e-11	0.24624281427342	0.436	0.364	1.06505886040389e-06	c11	RESF1
2.94158577935401e-11	0.781099248150216	0.121	0.076	1.07664981110136e-06	c11	BTG3
3.0220980220238e-11	0.971170661875451	0.056	0.026	1.10611809704093e-06	c11	DUSP6
3.09788235778432e-11	1.32061478207722	0.038	0.016	1.13385592177264e-06	c11	PLXNC1
3.18714199929626e-11	0.496717355631933	0.213	0.152	1.16652584316243e-06	c11	CGGBP1
3.21484581121226e-11	0.481615423374167	0.211	0.15	1.1766657153618e-06	c11	TRG-AS1
3.29162886171039e-11	0.772983698135919	0.119	0.074	1.20476907967462e-06	c11	PPP6R1
3.30621059096968e-11	0.76834315439504	0.098	0.057	1.21010613840081e-06	c11	MPST
3.41355014323925e-11	1.3207339002347	0.023	0.007	1.249393487927e-06	c11	FSD1L
3.49285985575767e-11	0.411955363914572	0.345	0.277	1.27842163580586e-06	c11	NDUFS7
3.62590995677601e-11	1.20299815465731	0.062	0.031	1.32711930327959e-06	c11	PWWP3A
3.82845672108291e-11	0.827382752469318	0.098	0.058	1.40125344448356e-06	c11	HLTF
4.11818454718674e-11	1.04404244224001	0.081	0.045	1.50729672611582e-06	c11	ADORA2A
4.52904592999732e-11	0.876550059143019	0.092	0.053	1.65767610083832e-06	c11	IKBIP
4.6090107477955e-11	1.49317165741414	0.019	0.006	1.68694402380063e-06	c11	GFOD1
4.65005970002894e-11	0.325391625888102	0.491	0.424	1.70196835080759e-06	c11	MTDH
4.86701423653433e-11	1.12894967346171	0.064	0.033	1.78137588071393e-06	c11	CKS2
4.89740730231896e-11	1.26563419143889	0.028	0.01	1.79250004672176e-06	c11	STARD9
5.03068455088393e-11	0.609678909708816	0.102	0.06	1.84128085246903e-06	c11	PPP1R16B
5.10983576201497e-11	0.319409784996227	0.513	0.445	1.8702509872551e-06	c11	NDUFB8
5.14009438688464e-11	0.343579957961507	0.411	0.343	1.88132594654365e-06	c11	PSMA6
5.24835915233185e-11	0.908505600261955	0.11	0.067	1.92095193334498e-06	c11	EML2
5.32390011498283e-11	0.697815019663589	0.13	0.083	1.94860068108487e-06	c11	RABIF
5.32450956003225e-11	1.68199492845459	0.021	0.007	1.9488237440674e-06	c11	MED20
5.6391766019641e-11	0.362118925866825	0.429	0.362	2.06399502808488e-06	c11	BSG
5.88508232176184e-11	0.979908525850346	0.045	0.02	2.15399898058805e-06	c11	PANK3
5.9446385058398e-11	0.138687839529674	0.934	0.886	2.17579713952242e-06	c11	CALM1
5.95687213599672e-11	0.33440700508381	0.406	0.338	2.18027477049616e-06	c11	IER2
6.19561329377123e-11	1.21420963537679	0.043	0.019	2.26765642165321e-06	c11	AC017002.3
6.21741146798452e-11	1.61661594651706	0.086	0.049	2.27563477139701e-06	c11	TRBV6-5
6.27077578677941e-11	0.643582255721507	0.139	0.09	2.29516664571913e-06	c11	EPSTI1
6.50100906136042e-11	0.253894704597416	0.644	0.579	2.37943432654853e-06	c11	COX6B1
6.85649328070715e-11	0.85105892840332	0.108	0.065	2.50954510567162e-06	c11	KEAP1
7.07913748303259e-11	0.555352612600901	0.23	0.171	2.59103511016476e-06	c11	YIPF3
7.11838684320188e-11	0.436834948057752	0.37	0.307	2.60540076848032e-06	c11	SRI
7.21269273484236e-11	0.292135705178843	0.49	0.422	2.63991766787965e-06	c11	CAST
7.35504504417968e-11	0.442520771330831	0.291	0.227	2.6920200366202e-06	c11	FAM49B
7.53603841525214e-11	0.763457501854299	0.115	0.071	2.75826542036644e-06	c11	C21orf91
7.57470801161525e-11	0.307091574661302	0.513	0.447	2.7724188793313e-06	c11	PRDX1
7.82297829434348e-11	1.51424683449023	0.04	0.017	2.86328828551266e-06	c11	CEBPD
7.83079925123763e-11	0.489883703345907	0.31	0.248	2.86615083394548e-06	c11	EIF5B
8.03228910637122e-11	0.511571790298768	0.299	0.238	2.93989813582293e-06	c11	CD82
8.06146672486581e-11	0.744595330883658	0.124	0.078	2.95057743596813e-06	c11	NIP7
8.80396691485738e-11	0.933633898195057	0.044	0.019	3.22233993050695e-06	c11	HSPA1B
8.84710634462569e-11	0.900400401346809	0.073	0.039	3.23812939319645e-06	c11	SFXN3
9.72597315089103e-11	0.563215626792797	0.208	0.15	3.55980343295763e-06	c11	HSPB11
9.91273290681398e-11	0.240178007921296	0.564	0.494	3.62815937122298e-06	c11	CSTB
1.00600191410154e-10	0.594634878828061	0.184	0.129	3.68206760580304e-06	c11	DUSP23
1.01008758060833e-10	2.16073882439839	0.017	0.005	3.69702155378454e-06	c11	MXRA7
1.02002225351917e-10	0.694282418107385	0.084	0.047	3.7333834501055e-06	c11	TFIP11
1.02454652570853e-10	0.564077394320088	0.198	0.142	3.74994273874579e-06	c11	ARHGEF3
1.05009631994644e-10	0.701235784940234	0.119	0.075	3.84345754063595e-06	c11	ESCO1
1.06776027251938e-10	0.849969936231492	0.102	0.061	3.9081093734482e-06	c11	ZBTB7A
1.11008642959956e-10	1.09533687330639	0.04	0.017	4.06302734097734e-06	c11	RBBP8
1.12784693607856e-10	1.27940231143934	0.034	0.014	4.12803257074114e-06	c11	AL135818.1
1.14859692035126e-10	0.449778210017951	0.297	0.234	4.20397958817764e-06	c11	SLC3A2
1.16219924154633e-10	0.501981367243914	0.255	0.193	4.25376544398373e-06	c11	PSMC3
1.2151498870947e-10	1.57538973623001	0.029	0.011	4.44757010175532e-06	c11	TNFRSF12A
1.2616944603159e-10	0.639943456601426	0.178	0.125	4.61792789420221e-06	c11	SMIM7
1.27860330320883e-10	0.699198045662073	0.133	0.086	4.67981595007464e-06	c11	IWS1
1.29505686415559e-10	6.52502896446873	0.002	0	4.74003762849587e-06	c11	PRRT3-AS1
1.29898694074122e-10	4.34943803516103	0.002	0	4.75442210180692e-06	c11	AC006441.3
1.32098545882125e-10	0.545707100366923	0.25	0.189	4.83493887783165e-06	c11	GTF3C6
1.35309406955191e-10	0.428663639429869	0.395	0.332	4.95245960396696e-06	c11	TMBIM4
1.39305262892379e-10	0.709048920900603	0.158	0.108	5.09871192712395e-06	c11	DEGS1
1.40030015836611e-10	1.36314715538884	0.04	0.017	5.12523860963581e-06	c11	PLXDC1
1.42061155492074e-10	0.844838854806903	0.066	0.035	5.19958035216542e-06	c11	ANKRD28
1.45045394862187e-10	0.537928383825044	0.267	0.205	5.3088064973509e-06	c11	PDCD10
1.45535055675881e-10	0.487738682909041	0.248	0.186	5.32672857279294e-06	c11	DNAJB6
1.49021441415888e-10	1.11406855669601	0.05	0.024	5.45433377726292e-06	c11	SGCB
1.50371765518771e-10	0.350261585502598	0.444	0.379	5.50375698975252e-06	c11	VPS28
1.51456434387942e-10	0.52012446588913	0.238	0.178	5.54345695503307e-06	c11	TOP1
1.56411373247663e-10	0.886002992202207	0.104	0.064	5.7248126722377e-06	c11	NIPA2
1.56708654461223e-10	0.346058773717943	0.495	0.428	5.73569346193524e-06	c11	SEC61B
1.65524726371023e-10	0.43472185088392	0.277	0.214	6.05837050990581e-06	c11	TMX4
1.85800422266814e-10	2.3654068191365	0.005	0	6.80048125538765e-06	c11	MYO5B
1.93159042663972e-10	0.787422179903643	0.09	0.052	7.06981412054406e-06	c11	ACBD5
1.97950374474175e-10	0.571996596271345	0.194	0.138	7.24518165612927e-06	c11	YIF1A
1.9832762774812e-10	1.72265170534592	0.025	0.009	7.25898950320892e-06	c11	RSAD2
2.01784887875708e-10	0.683959898100623	0.102	0.061	7.38552868113878e-06	c11	RIOK1
2.01836763677213e-10	1.9316012873467	0.018	0.005	7.38742738734969e-06	c11	ITGA3
2.03506334410572e-10	0.321565748343415	0.518	0.455	7.44853534576136e-06	c11	VAMP8
2.17216951039868e-10	0.544566448114174	0.226	0.167	7.9503576250102e-06	c11	ILK
2.2407688689759e-10	0.34481541689729	0.395	0.325	8.20143813733868e-06	c11	HLA-DQA1
2.27811420557118e-10	0.585077100836694	0.212	0.156	8.33812580381109e-06	c11	INTS11
2.5212818355624e-10	0.583830931810042	0.126	0.081	9.22814364634194e-06	c11	LYST
2.52826083090501e-10	0.478658645112197	0.272	0.209	9.25368746719543e-06	c11	STK10
2.63493777399089e-10	1.04434025986831	0.056	0.028	9.64413574658404e-06	c11	KMT2D
2.69354146460461e-10	0.835985773250668	0.111	0.07	9.85863111459935e-06	c11	NMT1
2.70877967353093e-10	0.466653949446225	0.115	0.071	9.91440448309057e-06	c11	CYP51A1
2.78856085823502e-10	2.49529330034999	0.007	0.001	1.0206411597226e-05	c11	RAB38
3.15692224084943e-10	2.87743455882244	0.006	0.001	1.1554651093733e-05	c11	KRT86
3.33620239656804e-10	2.13037828094338	0.013	0.003	1.22108343916787e-05	c11	MIR3142HG
3.44212535587411e-10	1.33146924973875	0.031	0.012	1.25985230150348e-05	c11	RXRA
3.46796361439976e-10	1.04097811147724	0.07	0.038	1.26930936250646e-05	c11	SBF1
3.47548186700887e-10	0.656391887036515	0.14	0.093	1.27206111814392e-05	c11	SRP54
3.73245277470723e-10	0.509035040888467	0.236	0.178	1.36611504007059e-05	c11	PSMA3
3.83191935011312e-10	0.850887255086895	0.088	0.052	1.4025208013349e-05	c11	HCP5
3.98957507268836e-10	0.642828836597922	0.157	0.108	1.46022437235467e-05	c11	MX1
4.0496685182767e-10	0.187019718023576	0.888	0.832	1.48221917437446e-05	c11	PPDPF
4.24066070451517e-10	0.521990028745478	0.161	0.11	1.5521242244596e-05	c11	SAMD9L
4.26455476641108e-10	0.711338944165443	0.15	0.102	1.56086969005412e-05	c11	ARID5A
4.3072971903926e-10	0.591297866557529	0.261	0.204	1.5765138446556e-05	c11	HMGA1
4.40751360399923e-10	1.2328824344209	0.041	0.018	1.61319405419976e-05	c11	LMNB2
4.45409188596375e-10	0.553720601627549	0.082	0.046	1.63024217118159e-05	c11	SLC6A6
4.45784130182868e-10	0.588292661273798	0.08	0.045	1.63161449488231e-05	c11	TBX21
4.46497282391408e-10	0.700253448405111	0.098	0.059	1.63422470328079e-05	c11	CHST11
4.52639242298671e-10	0.169687315323421	0.707	0.646	1.65670489073737e-05	c11	HLA-DRA
4.56504898635768e-10	0.520786612796355	0.22	0.163	1.67085357949678e-05	c11	NT5C
4.5920601740821e-10	0.461198829033988	0.291	0.23	1.68073994431579e-05	c11	RNF181
4.76248891482737e-10	0.340781808790023	0.511	0.452	1.74311856771597e-05	c11	ATP5MC3
5.07902472650904e-10	1.83795799070627	0.021	0.007	1.85897384014958e-05	c11	MTHFD1L
5.34292690910762e-10	0.738599298755402	0.148	0.101	1.95556467800248e-05	c11	AMD1
5.34910931024935e-10	0.596897450710696	0.215	0.16	1.95782749864437e-05	c11	SLBP
5.61177325964688e-10	0.424265419813875	0.331	0.27	2.05396513076335e-05	c11	NDUFS8
5.68408281460859e-10	0.533761542108524	0.271	0.211	2.08043115097489e-05	c11	MIEN1
5.79027291228617e-10	0.556579832100275	0.151	0.103	2.11929778862586e-05	c11	PIK3CD
6.29090245566576e-10	0.456412979070862	0.322	0.263	2.30253320779822e-05	c11	NDUFAB1
6.42414377039023e-10	0.631836496422249	0.206	0.152	2.35130086140053e-05	c11	PMF1
6.92571786226647e-10	6.91396128591942	0.001	0	2.53488199476815e-05	c11	AC004948.1
6.92571786226647e-10	6.82899262970334	0.001	0	2.53488199476815e-05	c11	HBA2
6.93846809629406e-10	0.84141221750567	0.081	0.046	2.53954870792459e-05	c11	MSC
6.99390381241927e-10	0.46984331185236	0.255	0.194	2.55983873438358e-05	c11	MIER1
7.07552211198831e-10	0.907408942896285	0.054	0.027	2.58971184820884e-05	c11	ITPRIPL1
7.16974360388352e-10	0.771429527403619	0.149	0.102	2.62419785645741e-05	c11	CRELD2
7.30734952753124e-10	1.66314323642186	0.021	0.007	2.67456300057171e-05	c11	PLEKHN1
7.42960639485613e-10	0.902016897081401	0.07	0.038	2.71931023658129e-05	c11	MED21
8.15114682515998e-10	0.429757086658242	0.322	0.263	2.9834012494768e-05	c11	TUBA1A
8.28316447786974e-10	0.587308014842863	0.19	0.137	3.0317210305451e-05	c11	PARVG
8.61685483949115e-10	0.957494868201987	0.074	0.042	3.15385503980215e-05	c11	MIDN
8.74866445173225e-10	0.704397291498444	0.13	0.086	3.20209867597852e-05	c11	MOB3A
8.89585023923594e-10	0.958415330590109	0.076	0.043	3.25597014606275e-05	c11	CANT1
8.91611900964134e-10	0.654851663915243	0.2	0.148	3.26338871871883e-05	c11	TMEM14C
1.00094101127648e-09	0.155055710901408	0.855	0.798	3.66354419537303e-05	c11	OAZ1
1.02555950191775e-09	2.00746387953597	0.011	0.002	3.75365033296916e-05	c11	GPC1
1.0658027381346e-09	0.318863059588928	0.45	0.388	3.90094460184643e-05	c11	ARF5
1.10892577656754e-09	0.335156585801925	0.372	0.309	4.05877923481485e-05	c11	EMB
1.14630077372426e-09	0.29053874756965	0.516	0.456	4.19557546190818e-05	c11	UQCR10
1.15334374650117e-09	0.612614394267185	0.167	0.118	4.22135344656893e-05	c11	NLRC3
1.25005950234090e-09	0.617270497161395	0.148	0.1	4.57534278451791e-05	c11	ARPP19
1.26110124762818e-09	0.180580535003354	0.609	0.548	4.61575667644392e-05	c11	TMBIM6
1.32925887654905e-09	0.28152719720974	0.539	0.477	4.86522041405719e-05	c11	NDUFA11
1.34365294441518e-09	0.344873099160949	0.246	0.185	4.917904141854e-05	c11	APMAP
1.38730375441596e-09	0.344755276794411	0.441	0.379	5.07767047153787e-05	c11	GIMAP5
1.3952087320001e-09	0.649268689081744	0.152	0.105	5.10660347999358e-05	c11	TACC1
1.47222804153027e-09	0.967191147480081	0.057	0.029	5.38850185480495e-05	c11	ZFYVE28
1.49381046420202e-09	0.531724009135928	0.221	0.166	5.46749568002581e-05	c11	MRPS12
1.6804047855272e-09	0.443721254602926	0.255	0.194	6.15044955550809e-05	c11	RHOC
1.80571090627322e-09	0.80252431228252	0.099	0.061	6.6090824880506e-05	c11	NAA60
1.80672894637802e-09	0.382809203926841	0.341	0.282	6.61280861663819e-05	c11	FNBP1
1.81159059099255e-09	0.609354530343365	0.154	0.107	6.63060272209183e-05	c11	TRPV2
1.90897511163166e-09	1.7894521349486	0.006	0.001	6.98703980608305e-05	c11	AL445471.1
1.98372250500638e-09	0.67273726793524	0.192	0.141	7.26062274057385e-05	c11	CENPX
2.11542124970899e-09	0.952395032672619	0.061	0.032	7.74265331605986e-05	c11	BARD1
2.15625629212195e-09	2.30731715511903	0.012	0.003	7.89211365479554e-05	c11	NRAV
2.17976857249048e-09	1.20160974692741	0.035	0.015	7.9781709521724e-05	c11	SPATA2L
2.19629916061494e-09	0.892925179932229	0.106	0.067	8.03867455776674e-05	c11	ZNF276
2.23142039950603e-09	0.662038958589523	0.092	0.055	8.16722180423202e-05	c11	SREBF2
2.27167441237542e-09	0.665175186912198	0.137	0.092	8.31455551673529e-05	c11	NARS
2.27275096843249e-09	0.581979850036424	0.159	0.112	8.31849581955974e-05	c11	SNHG12
2.27723514258299e-09	0.877896558001585	0.062	0.033	8.33490834536798e-05	c11	KIF21B
2.33730191222752e-09	0.687589549690858	0.107	0.068	8.55475872894395e-05	c11	MAPK1
2.37012530621125e-09	1.11944581810624	0.068	0.038	8.67489563326379e-05	c11	RFLNB
2.50595243513545e-09	1.06752369973725	0.038	0.017	9.17203650783926e-05	c11	GMNN
2.63048654619135e-09	0.973855065639533	0.059	0.031	9.62784380771498e-05	c11	RPL39L
2.75878369611709e-09	1.83161562822448	0.029	0.011	0.000100974242061581	c11	SLX1B
2.81603188710653e-09	0.395706955792482	0.36	0.303	0.000103069583099986	c11	RAD23A
2.9258000693039e-09	2.66946714463162	0.009	0.002	0.000107087208336592	c11	TTYH3
2.93680873731194e-09	0.386694047960611	0.363	0.304	0.000107490136594354	c11	TWF2
3.04686886063567e-09	0.534347299830577	0.169	0.121	0.000111518447168126	c11	PPT1
3.1621287682533e-09	0.422163177895498	0.34	0.283	0.000115737075046839	c11	ARHGAP30
3.22150463404074e-09	0.42718996010521	0.322	0.265	0.000117910291110525	c11	SSNA1
3.26088514451161e-09	0.326783911695104	0.328	0.265	0.00011935165717427	c11	CLTA
3.35094184139915e-09	0.816940259481897	0.086	0.052	0.00012264782233705	c11	CKAP2
3.36052282778117e-09	0.817110602740036	0.077	0.045	0.000122998496019619	c11	N4BP1
3.43160591386505e-09	0.820412833951292	0.062	0.034	0.000125600208053375	c11	EXOG
3.4656959475381e-09	0.676179621648318	0.144	0.099	0.000126847937375842	c11	EIF4E
3.5108573028837e-09	0.401043616406692	0.383	0.327	0.000128500888142846	c11	RNF167
3.57961757202187e-09	0.273209634207624	0.492	0.43	0.000131017582753572	c11	PKM
3.66843865820265e-09	1.01958658737903	0.047	0.023	0.000134268523328875	c11	KATNAL1
3.74918163651374e-09	0.677557568822985	0.064	0.035	0.000137223797078039	c11	FAR1
3.82721788920891e-09	1.16544190371782	0.036	0.016	0.000140080001962935	c11	MFSD14B
3.87493860364976e-09	0.557029502964991	0.171	0.122	0.000141826627832185	c11	TUBA1C
4.02587015639457e-09	1.24726359613555	0.04	0.019	0.000147350873594198	c11	ZNF827
4.04824133390827e-09	0.509830763535991	0.238	0.183	0.000148169681062377	c11	GBP2
4.05532363165775e-09	1.17410856621242	0.05	0.025	0.000148428900242305	c11	TRAV35
4.10167649353144e-09	0.523126646328376	0.218	0.165	0.000150125461339744	c11	LSM10
4.2795428373546e-09	0.327720352261839	0.393	0.332	0.000156635547390016	c11	SEC61G
4.28390641723136e-09	0.693177660915122	0.125	0.083	0.000156795258777085	c11	ACADM
4.33943482946692e-09	0.469693286196656	0.239	0.184	0.000158827654193319	c11	CLTB
4.39336848168237e-09	0.276309073575693	0.438	0.375	0.000160801679798056	c11	CD247
4.57647152102355e-09	0.495585238276328	0.212	0.159	0.000167503434140983	c11	ERLEC1
4.69855873415336e-09	0.512984858825063	0.157	0.11	0.000171971948228747	c11	TMEM87A
4.79347715015414e-09	1.16728729075248	0.036	0.016	0.000175446057172792	c11	DBN1
4.9506747382696e-09	0.306645327326376	0.399	0.34	0.000181199646095406	c11	WIPF1
5.01810388806295e-09	0.979885892306465	0.05	0.025	0.000183667620406992	c11	FBXO8
5.13963359387686e-09	0.684715176446352	0.072	0.041	0.000188115729169487	c11	SEL1L3
5.47322835816601e-09	0.570418555322826	0.189	0.14	0.000200325631137234	c11	ATF4
5.66380761451213e-09	0.683487505786279	0.149	0.104	0.000207301022498758	c11	EVI2A
5.78691416744416e-09	0.690883261328419	0.121	0.08	0.000211806845442624	c11	TBC1D5
5.90534067026406e-09	0.403239751147588	0.265	0.207	0.000216141373872335	c11	CAPZA1
6.20112784450083e-09	0.428632331502364	0.226	0.173	0.000226967480236575	c11	GOLGA4
6.21934215751758e-09	0.325366126637484	0.426	0.371	0.000227634142307301	c11	C11orf58
6.28209589446679e-09	1.33768995930006	0.027	0.01	0.000229930991833379	c11	ASB2
6.28483301018059e-09	0.859828341433872	0.111	0.073	0.00023003117300562	c11	GMIP
6.35400489377888e-09	2.27499035383408	0.016	0.005	0.000232562933117201	c11	JAKMIP1
6.40530945981608e-09	1.0761852571735	0.043	0.02	0.000234440731538728	c11	GPR18
6.54022455759192e-09	0.653249186114525	0.194	0.144	0.000239378759032422	c11	TIMM17B
6.72667955768843e-09	0.575748881666353	0.174	0.126	0.000246203198490954	c11	PRDX3
6.80254318091881e-09	0.410061198426631	0.234	0.176	0.00024897988296481	c11	HLA-DMA
7.17320236261545e-09	0.870273755569213	0.09	0.056	0.000262546379674088	c11	PEX2
7.30069466618128e-09	0.36471524878572	0.153	0.106	0.000267212725476901	c11	CCPG1
7.40674101766837e-09	0.868412313545633	0.029	0.012	0.00027109412798768	c11	ARHGEF12
7.55511400079266e-09	1.99256852119987	0.009	0.002	0.000276524727543012	c11	ASPHD2
7.62935581453255e-09	0.855517146455306	0.066	0.037	0.000279242052167706	c11	STX11
7.73204377249996e-09	0.595234211298744	0.13	0.087	0.000283000534117271	c11	CD81
7.77087556043728e-09	0.973801269949276	0.085	0.052	0.000284421816387565	c11	ZCCHC10
7.92388094696614e-09	1.09903063167197	0.022	0.008	0.000290021966539908	c11	MZB1
8.00510530935673e-09	0.91020459965306	0.046	0.023	0.000292994859427766	c11	DHCR7
8.47701315350559e-09	0.683459411842679	0.075	0.043	0.000310267158431458	c11	FRMD4B
8.50242543664234e-09	0.955296766653988	0.048	0.024	0.000311197273406546	c11	FMNL3
8.57601754176121e-09	0.583150982250487	0.173	0.125	0.000313890818046002	c11	MRPS36
9.21768335941841e-09	0.706845420652169	0.078	0.046	0.000337376428638073	c11	LINC01943
9.49353261609639e-09	0.751068745575966	0.127	0.086	0.000347472787281744	c11	SKA2
1.05668835864694e-08	0.589808881898463	0.159	0.114	0.000386758506148365	c11	DERL2
1.0613336773574e-08	0.449422702367797	0.206	0.155	0.000388458739249582	c11	HMGN4
1.07358364906104e-08	0.342875916221727	0.401	0.346	0.00039294235139283	c11	TERF2IP
1.09319959003924e-08	0.975538535995749	0.065	0.036	0.000400121981950263	c11	NIPSNAP3A
1.14465384283549e-08	0.560210329230323	0.167	0.12	0.000418954753016218	c11	TINF2
1.15607304754701e-08	0.781145115693211	0.062	0.034	0.000423134296132681	c11	HMGCS1
1.17287417235239e-08	0.603526377541189	0.1	0.063	0.000429283675822699	c11	EXOC2
1.21232967055569e-08	1.20498609590551	0.028	0.011	0.000443724782720086	c11	CDKL1
1.22006414619624e-08	0.92526023086361	0.066	0.037	0.000446555678149287	c11	PCK2
1.24860868088103e-08	0.871931144695479	0.085	0.052	0.000457003263289265	c11	MFAP1
1.29381997809067e-08	0.369238080976839	0.206	0.153	0.000473551050180968	c11	APOL6
1.31840009711187e-08	0.684969918339553	0.137	0.094	0.000482547619543915	c11	FAM50A
1.33753432863439e-08	0.689595325915397	0.124	0.083	0.000489550939623474	c11	TSEN15
1.34449104958841e-08	0.419725076991321	0.266	0.211	0.000492097169059853	c11	VASP
1.37025124319544e-08	1.48223447352049	0.022	0.008	0.000501525657521964	c11	TOGARAM2
1.39675943963311e-08	0.68810372512662	0.12	0.08	0.000511227922500115	c11	RABEP1
1.48498337704848e-08	0.229004179351113	0.601	0.532	0.000543518765833515	c11	HLA-DPB1
1.56373319584193e-08	0.643009314767189	0.153	0.11	0.000572341987010103	c11	MATR3.1
1.61400736278999e-08	0.497102244485829	0.145	0.101	0.000590742834854764	c11	CWC25
1.62881115743145e-08	0.727368939743503	0.1	0.063	0.000596161171731485	c11	FEZ2
1.64799905205236e-08	0.330418820147	0.381	0.323	0.000603184133041684	c11	UBE2L6
1.66718508840193e-08	0.59679475681679	0.136	0.094	0.000610206414205992	c11	CYTH4
1.67224421919957e-08	0.62286180534462	0.055	0.029	0.000612058106669236	c11	WDR44
1.68601768252004e-08	0.880742605487139	0.088	0.054	0.00061709933197916	c11	OAS1
1.71989622577955e-08	0.68200352225058	0.131	0.09	0.000629499217597572	c11	GNB1
1.7374042562633e-08	0.424076976174143	0.338	0.285	0.000635907331834932	c11	MICOS13
1.76255189190761e-08	0.442519646496595	0.225	0.173	0.000645111617957104	c11	SSR1
1.7904128017074e-08	0.806330114259837	0.15	0.108	0.000655308989552924	c11	POLR2J
1.7976802048371e-08	0.587108355247912	0.231	0.181	0.000657968931772427	c11	DYNLT1
1.8065350795135e-08	1.2321500043533	0.039	0.018	0.000661209904452736	c11	PANK4
1.82679173172361e-08	0.931528912022748	0.06	0.033	0.000668624041728158	c11	TMEM102
1.8616893804204e-08	0.464498613089911	0.179	0.131	0.000681396930127672	c11	COPB1
1.90170463564687e-08	0.736453670917205	0.064	0.036	0.000696042913693113	c11	PSEN1
1.93997850981685e-08	0.594205556412984	0.123	0.083	0.000710051534378066	c11	NAGK
1.94407826879862e-08	0.382847290516703	0.32	0.262	0.000711552087162984	c11	PYCARD
1.9607708857137e-08	0.554308815507841	0.08	0.047	0.000717661751880071	c11	ATP1B1
2.04463954745157e-08	0.271409102954133	0.468	0.412	0.000748358520762748	c11	DAD1
2.05726009762237e-08	0.828220369379749	0.082	0.05	0.000752977768330762	c11	PIGS
2.08870400292321e-08	1.0125217438247	0.068	0.039	0.000764486552109924	c11	IFI44
2.09249908349675e-08	0.726830750031183	0.118	0.079	0.000765875589550644	c11	PRKAG1
2.10916910173076e-08	0.408873254262498	0.305	0.251	0.000771976982924476	c11	PIN1
2.16152811554432e-08	0.659288969847162	0.098	0.062	0.000791140905570378	c11	PPP1R21
2.17500104157592e-08	1.49187859326027	0.015	0.004	0.000796072131227203	c11	SCUBE1
2.18540873523651e-08	0.433741958733184	0.293	0.239	0.000799881451183917	c11	ILF2
2.19866116985516e-08	0.852464003136225	0.084	0.051	0.000804731974778688	c11	ODC1
2.20019416075949e-08	0.410139281865172	0.235	0.182	0.000805293064779582	c11	RSRC2
2.23453820183987e-08	0.524513774607263	0.267	0.216	0.000817863327255409	c11	CBX3
2.26465423565746e-08	0.738261138013201	0.19	0.145	0.000828886096792988	c11	KANSL1-AS1
2.28060594471749e-08	0.874699071379255	0.077	0.046	0.000834724581826047	c11	ST6GALNAC4
2.33268768713591e-08	0.983701924590083	0.027	0.011	0.000853787020368613	c11	ZNRF1
2.35518723279648e-08	0.603469636966374	0.098	0.062	0.000862022079075839	c11	AHR
2.43570333777876e-08	0.237656941654392	0.501	0.439	0.000891491778660404	c11	SLC9A3R1
2.45605122316293e-08	0.558295897717716	0.143	0.1	0.000898939308189864	c11	PLEKHB2
2.46496264241339e-08	0.371408227236129	0.287	0.234	0.000902200976749725	c11	CYCS
2.57911307190088e-08	0.396547448612731	0.349	0.295	0.000943981175446442	c11	BUB3
2.5868721428739e-08	0.479536722768444	0.126	0.085	0.000946821073013278	c11	TRIP12
2.61642108117653e-08	0.451210420287238	0.236	0.185	0.000957636279921423	c11	MVP
2.62966573059376e-08	0.666536495735023	0.127	0.086	0.000962483954054623	c11	MAT2A
2.64326348796839e-08	0.723372881159486	0.07	0.041	0.000967460869231311	c11	CMIP
2.6530900849711e-08	0.82455780398741	0.074	0.044	0.000971057502000273	c11	MAP1S
2.72636999780338e-08	0.453762512517251	0.273	0.222	0.000997878682896014	c11	DNAJA1
2.75073118383222e-08	0.38191887202017	0.294	0.241	0.00100679512059443	c11	RSBN1L
2.76054605642914e-08	0.662607896557558	0.076	0.045	0.00101038746211363	c11	RNF25
2.78034772312467e-08	0.632672396508426	0.131	0.09	0.00101763507014086	c11	PCID2
2.82356421792665e-08	0.405993495023028	0.257	0.204	0.00103345273940333	c11	CCND2
2.86920252314062e-08	0.633911190546031	0.139	0.097	0.0010501568154947	c11	ADAM8
2.89486772476215e-08	0.362196000667145	0.161	0.115	0.0010595505359402	c11	SPPL2A
2.91997043893352e-08	0.222469305992815	0.696	0.64	0.00106873838035406	c11	EVL
3.05276793880494e-08	0.332763881394657	0.394	0.343	0.001117343593282	c11	SNX6
3.15782671908919e-08	1.89776849805613	0.012	0.003	0.00115579615745383	c11	AC015849.1
3.2057686299289e-08	0.949582548930354	0.05	0.026	0.00117334337624028	c11	FAM3C
3.20970990931188e-08	0.435724845084246	0.289	0.236	0.00117478592390724	c11	CARD16
3.22544250577976e-08	0.436790800586855	0.274	0.221	0.00118054421154045	c11	RAB14
3.27575456091619e-08	0.240451361398791	0.5	0.443	0.00119895892684093	c11	HNRNPK
3.30870513181035e-08	0.251741633423353	0.575	0.524	0.00121101916529391	c11	ATP6V0C
3.35352140167873e-08	0.542823017587177	0.229	0.179	0.00122742236822843	c11	SDF2L1
3.40148621228155e-08	0.70999417860127	0.092	0.058	0.00124497796855717	c11	GNB5
3.41564624097058e-08	1.11247590764521	0.031	0.013	0.00125016068065764	c11	WDR47
3.57018082496956e-08	0.732576258748714	0.123	0.084	0.00130672188374711	c11	USO1
3.60570348161735e-08	0.388757538123406	0.287	0.232	0.00131972353130677	c11	LAMTOR5
3.65894477964738e-08	0.510188794521711	0.221	0.171	0.00133921037879874	c11	IRF2
3.67724246179449e-08	0.391254854217241	0.344	0.291	0.0013459075134414	c11	RNH1
3.71444904817435e-08	0.50892430958392	0.133	0.091	0.00135952549612229	c11	SMC4
3.73649054891263e-08	0.599284832613852	0.144	0.101	0.00136759290580751	c11	PPID
3.79107972169508e-08	0.244527746305989	0.629	0.572	0.00138757308893762	c11	GIMAP7
3.90355000846292e-08	0.634781403273651	0.109	0.072	0.00142873833859751	c11	CERT1
4.05851694498504e-08	0.604724158568181	0.153	0.11	0.00148545778703397	c11	LMF2
4.0649214048611e-08	0.459722080009211	0.194	0.146	0.00148780188339321	c11	OIP5-AS1
4.15853668398786e-08	0.794481584140526	0.054	0.029	0.0015220660117064	c11	ERI1
4.22543218673869e-08	0.727940886711778	0.11	0.073	0.00154655043466823	c11	PPP2R3C
4.26201645014368e-08	0.932604506590536	0.092	0.059	0.00155994064091709	c11	RNPEPL1
4.55630775853647e-08	0.541286029116016	0.155	0.111	0.00166765420270193	c11	MLEC
4.57714717198843e-08	0.145785498770727	0.965	0.959	0.00167528163641949	c11	CD74
4.62592810772235e-08	0.613757163224737	0.058	0.032	0.00169313594670746	c11	IDH1
4.66467008697669e-08	0.449344955942681	0.279	0.227	0.00170731589853434	c11	SELENOT
4.69006628520693e-08	0.27444871770287	0.502	0.447	0.00171661116104859	c11	SEPTIN1
4.92320262820568e-08	0.504663811177055	0.133	0.092	0.00180194139394956	c11	IST1
4.98715498163169e-08	0.978889511975644	0.042	0.021	0.00182534859482701	c11	MVB12B
5.31322014404034e-08	1.23530731566041	0.031	0.014	0.0019446917049202	c11	EMILIN2
5.40715427798034e-08	2.6291221370893	0.005	0.001	0.00197907253728359	c11	AC013486.1
5.45349343379366e-08	0.320324544651826	0.332	0.278	0.00199603313170282	c11	AUP1
5.4613186154423e-08	0.287406259695257	0.325	0.269	0.00199889722643804	c11	PDIA6
5.46666859781612e-08	0.266397383778078	0.454	0.397	0.00200085537348668	c11	TBC1D10C
5.4761376788064e-08	0.429568834558318	0.215	0.165	0.00200432115181993	c11	PSMD11
5.48511543693561e-08	0.503411714497493	0.177	0.132	0.0020076071010728	c11	LARP7
5.53025621488687e-08	3.43119272148202	0.003	0	0.00202412907721074	c11	AC008622.2
5.84313528978883e-08	1.13237823348282	0.047	0.024	0.00213864594741561	c11	PIAS3
5.86881169597363e-08	0.504258428462691	0.152	0.109	0.00214804376884331	c11	COPB2
6.02769762603514e-08	0.794740002336513	0.063	0.036	0.00220619760810512	c11	BTBD10
6.13783797105798e-08	0.586740471219175	0.139	0.097	0.00224651007578693	c11	EIF4A3
6.4632854798595e-08	1.36347869957058	0.024	0.01	0.00236562711848338	c11	RCAN2
6.48384574909221e-08	0.610258638651024	0.102	0.067	0.00237315238262524	c11	ANTXR2
6.61403453049862e-08	0.386886381286972	0.392	0.344	0.0024208027785078	c11	MICOS10
6.71348027541168e-08	0.50288473909538	0.203	0.155	0.00245720091560343	c11	CAPZA2
6.825902096974e-08	0.409575620690717	0.211	0.161	0.00249834842651345	c11	NRDC
6.90841958155444e-08	0.557827671344929	0.127	0.087	0.00252855065104474	c11	MYD88
6.90968283491164e-08	0.641928260653716	0.121	0.083	0.00252901301440601	c11	NPRL2
6.93282458074745e-08	0.489307542638372	0.307	0.258	0.00253748312479937	c11	TMEM14B
7.12309629972213e-08	0.488239022357209	0.252	0.203	0.0026071244766613	c11	SEC13
7.27502976509512e-08	0.712722261750766	0.05	0.026	0.00266273364432246	c11	TP53I11
7.28018987182182e-08	0.422656688801875	0.322	0.272	0.0026646222949855	c11	PDCD5
7.32493181422282e-08	0.175316981650383	0.69	0.628	0.00268099829332369	c11	SUMO2
7.54682159055803e-08	0.982183890085748	0.025	0.01	0.00276221217036014	c11	CIITA
7.65986390097906e-08	1.75789108974347	0.017	0.006	0.00280358678639735	c11	CLDND2
7.74834145225238e-08	0.380719282998658	0.33	0.278	0.00283597045493889	c11	ZNF706
8.05651702125937e-08	0.9611195088159	0.044	0.023	0.00294876579495114	c11	TRIB3
8.08351080641659e-08	0.799468720737555	0.092	0.059	0.00295864579025653	c11	MIR4435-2HG
8.20895830013532e-08	0.871813661646752	0.065	0.038	0.00300456082743253	c11	METTL18
8.4419410145605e-08	0.639769829809997	0.069	0.041	0.00308983483073929	c11	SENP5
8.73841603300625e-08	0.269280777433296	0.478	0.428	0.00319834765224062	c11	TRAPPC1
8.83840954794241e-08	0.591189436508929	0.118	0.08	0.0032349462786424	c11	IL10RB
8.87791618386353e-08	0.513207687772066	0.179	0.133	0.00324940610245589	c11	MPC1
8.89919059303413e-08	0.423712242198962	0.291	0.24	0.00325719274895642	c11	ADRM1
8.93242483053406e-08	0.368652402592627	0.338	0.285	0.00326935681222377	c11	AURKAIP1
8.94645769599496e-08	0.472239789154185	0.182	0.136	0.00327449298131112	c11	TSPAN14
9.16167728108652e-08	0.433362589024751	0.239	0.189	0.00335326550165048	c11	NDUFB6
9.23085244467523e-08	0.70681086836836	0.084	0.052	0.00337858430327558	c11	ADCY7
9.29785346227531e-08	0.487275793917119	0.301	0.253	0.00340310734572739	c11	ENSA
9.44548818278175e-08	0.764596368725751	0.048	0.025	0.00345714312977995	c11	CD244
9.45239006304006e-08	0.797683226773776	0.086	0.054	0.00345966928697329	c11	LTV1
9.6860387596231e-08	1.10524578127095	0.039	0.019	0.00354518704640965	c11	MRPL30
9.936136491987e-08	0.453562072100282	0.154	0.111	0.00363672531743216	c11	CAPRIN1
1.0012324465363e-07	0.525634244462517	0.144	0.103	0.00366461087756751	c11	SPATA13
1.00195387620002e-07	0.601809086559755	0.087	0.055	0.00366725138227969	c11	CGAS
1.01400013781754e-07	2.98530715390256	0.005	0.001	0.00371134190442598	c11	THSD8
1.01982099573497e-07	1.25648758538372	0.021	0.008	0.00373264682648955	c11	AZIN2
1.03357202979787e-07	0.784625064501554	0.05	0.026	0.00378297698626318	c11	PHTF1
1.04497233774636e-07	0.64618736354872	0.108	0.072	0.00382470325338544	c11	SENP7
1.05677222391583e-07	0.724752215326512	0.115	0.078	0.00386789201675431	c11	PPWD1
1.06062678958678e-07	0.375671481776696	0.226	0.176	0.00388200011256657	c11	ITSN2
1.09635733626288e-07	0.668317543927947	0.119	0.081	0.00401277748645577	c11	ZNF593
1.0970001309867e-07	0.484691555668824	0.168	0.123	0.00401513017942442	c11	FMNL1
1.14386429071078e-07	0.514481241348315	0.197	0.15	0.00418665769043052	c11	TRAPPC4
1.21919648692964e-07	0.383482870457562	0.237	0.186	0.00446238106181118	c11	BDP1
1.22995699084683e-07	0.252821316152622	0.425	0.371	0.00450176558219847	c11	EIF4G2
1.23465958743554e-07	0.312740539919472	0.405	0.358	0.00451897755597283	c11	DHRS7
1.26039905781294e-07	0.408020681737072	0.325	0.278	0.00461318659150115	c11	GHITM
1.26596639367182e-07	0.584972918084683	0.127	0.088	0.00463356359747824	c11	SNX10
1.27306877740021e-07	1.65768158687451	0.009	0.002	0.00465955903216249	c11	PLPP2
1.27862802977763e-07	2.54976593134398	0.005	0.001	0.0046799064517891	c11	APLP1
1.30325450215169e-07	0.946234470179399	0.07	0.042	0.00477004180332541	c11	BRAT1
1.31554888282428e-07	0.797624000087306	0.086	0.054	0.00481504046602513	c11	ADPRHL2
1.31618697826193e-07	0.329454146520738	0.351	0.299	0.0048173759591365	c11	HMOX2
1.31966621540692e-07	0.344832372219747	0.301	0.249	0.00483011031501087	c11	CCT6A
1.3341475219098e-07	0.606917695191869	0.159	0.117	0.00488311334494205	c11	PSMC2
1.4059814561944e-07	1.11833214284805	0.033	0.015	0.00514603272781712	c11	AJM1
1.43589829288882e-07	0.777090533246298	0.077	0.047	0.00525553134180237	c11	TBC1D20
1.49171574964523e-07	1.17228025662621	0.025	0.011	0.0054598288152765	c11	KIAA0513
1.50204197172619e-07	1.28668375514365	0.034	0.016	0.00549762382071503	c11	DUSP10
1.51259687583238e-07	0.54301431290642	0.114	0.077	0.00553625582523408	c11	SF3B3
1.52987112789912e-07	0.181259928844167	0.583	0.532	0.00559948131522357	c11	SON
1.55383266007642e-07	0.893653001273876	0.069	0.041	0.0056871829191457	c11	RALB
1.58467278180121e-07	0.679457581227159	0.142	0.103	0.0058000608486706	c11	FAM102A
1.59478312261047e-07	0.230663405450057	0.862	0.843	0.00583706570706659	c11	IFITM1
1.60682707199632e-07	0.768628112266847	0.06	0.034	0.00588114776621374	c11	RTP4
1.63368481335663e-07	0.370445665034611	0.292	0.24	0.00597944978536661	c11	CAPN2
1.6412444099856e-07	0.759443170281699	0.052	0.028	0.00600711866498828	c11	ELMOD2
1.65346206349176e-07	0.564610355866974	0.152	0.111	0.0060518364985862	c11	TMX1
1.6683070490168e-07	0.503053865460971	0.261	0.213	0.0061061706301064	c11	PSMB8-AS1
1.69736426244296e-07	0.551381599504726	0.202	0.156	0.00621252293696746	c11	HSD17B10
1.70392115590195e-07	0.635061775921357	0.149	0.109	0.00623652182271674	c11	PPM1M
1.75409247133104e-07	0.542972988045543	0.139	0.098	0.00642015385431876	c11	INSIG1
1.80421777915087e-07	0.719428531066008	0.083	0.052	0.00660361749347011	c11	SLC35B1
1.85176881335228e-07	0.65701042354507	0.094	0.061	0.00677765903375069	c11	JMJD6
1.92651258762615e-07	0.335102291370396	0.4	0.354	0.00705122872197048	c11	ATP5MPL
1.96619911643608e-07	1.03835979690167	0.071	0.043	0.0071964853860677	c11	RPS10-NUDT3
2.07665591255502e-07	0.79976709881486	0.086	0.055	0.00760076830554263	c11	NOP16
2.08012900120821e-07	1.14198490649995	0.042	0.022	0.00761348015732216	c11	KCTD5
2.08656635831363e-07	0.431464455818605	0.206	0.16	0.00763704152806372	c11	STX10
2.10910341651691e-07	0.478117620711081	0.232	0.185	0.00771952941479354	c11	BUD31
2.12325817686832e-07	0.568288673295783	0.135	0.096	0.00777133725315575	c11	ANKRD49
2.19138555793613e-07	0.248280911937659	0.583	0.533	0.00802069028060203	c11	PSME2
2.22412793220524e-07	0.495445581237629	0.193	0.148	0.00814053064466438	c11	RHEB
2.22702856914925e-07	1.62235448978233	0.011	0.003	0.00815114726594315	c11	LRRC63
2.2272494287256e-07	0.57345121614474	0.076	0.047	0.00815195563407858	c11	CDC16
2.23103240824762e-07	0.674192101133441	0.085	0.054	0.0081658017174271	c11	SERTAD1
2.27500124849486e-07	0.436299653361455	0.164	0.121	0.00832673206961605	c11	SMC1A
2.28869524963964e-07	0.638452338320109	0.122	0.085	0.00837685348320603	c11	RTCA
2.30033857722926e-07	0.930864911684226	0.05	0.028	0.0084194692265168	c11	BBS7
2.32464200119109e-07	1.4414832906475	0.019	0.007	0.0085084221885595	c11	PMEPA1
2.39233869643727e-07	0.471639780751388	0.301	0.255	0.00875619886283006	c11	MRPL57
2.48571964960562e-07	0.551526672818638	0.101	0.067	0.00909798248952153	c11	PLEKHA2
2.55370944990547e-07	0.525547933095107	0.1	0.067	0.00934683195759902	c11	PSD4
2.58260101587733e-07	0.561889281136829	0.133	0.093	0.00945257797821261	c11	LMNA
2.60812329405744e-07	2.34983271453491	0.01	0.003	0.00954599206857964	c11	TNFSF4
2.61862250555317e-07	0.775543841452684	0.1	0.067	0.00958442023257516	c11	KIAA1191
2.66174640852634e-07	1.18428132782563	0.015	0.005	0.00974225802984726	c11	OTUB2
2.66669948316629e-07	0.545601076425365	0.204	0.159	0.00976038677833693	c11	NCF1
2.67819998270178e-07	0.771469211978399	0.042	0.021	0.0098024797566868	c11	IER3
2.74561764652076e-07	1.90995588215277	0.013	0.004	0.0100492351480306	c11	PSMC3IP
2.82522440144921e-07	0.568058309947011	0.147	0.107	0.0103406038317442	c11	SIRT2
2.85184418313865e-07	0.309173221173502	0.303	0.251	0.0104380348947058	c11	CD164
2.8812561689909e-07	0.166294235835024	0.727	0.68	0.0105456857041236	c11	YBX1
2.89051668461771e-07	1.35742739184428	0.017	0.006	0.0105795801173693	c11	EGR1
2.89849889542784e-07	0.53251877401899	0.182	0.139	0.0106087958071554	c11	HPRT1
2.92662971495365e-07	2.07905778142681	0.007	0.001	0.0107117574197018	c11	IFITM10
3.12527256433252e-07	0.374950234312324	0.324	0.274	0.0114388101127135	c11	GADD45GIP1
3.15257123341292e-07	0.834954219573364	0.059	0.034	0.0115387259714146	c11	SHLD2
3.1620176564884e-07	0.527563649880424	0.24	0.195	0.0115733008245132	c11	PSMC4
3.17355412205951e-07	0.646021155939378	0.082	0.052	0.01161552544215	c11	GALK1
3.17397343944578e-07	1.02400706346036	0.037	0.018	0.0116170601857155	c11	EPHA1-AS1
3.21882603393867e-07	0.585975155043742	0.162	0.121	0.0117812251668189	c11	MRPL36
3.26121263417217e-07	0.152661879209403	0.843	0.795	0.0119363643623336	c11	UBC
3.26777086829355e-07	0.700176778480664	0.092	0.06	0.0119603681550412	c11	NUBP1
3.31011512808739e-07	0.764429949854502	0.08	0.05	0.0121153523803127	c11	LIN37
3.51071681503753e-07	0.642115740272174	0.054	0.03	0.0128495746147189	c11	SLC27A3
3.54951787447405e-07	0.630412142919057	0.097	0.064	0.0129915903723625	c11	BROX
3.68023497660364e-07	0.850919216185797	0.034	0.017	0.013470028037867	c11	AL390728.5
3.71205889468742e-07	0.608666737420641	0.097	0.064	0.0135865067604454	c11	ATXN1
3.78097056732307e-07	0.463448100183808	0.267	0.221	0.0138387303734592	c11	RBCK1
3.81349518973866e-07	0.48509301424184	0.097	0.064	0.0139577737439625	c11	MYO9B
3.8349414898492e-07	0.577062615796315	0.147	0.108	0.0140362693469971	c11	AASDHPPT
3.85424004144744e-07	0.440891529438028	0.12	0.083	0.0141069039757018	c11	SEL1L
3.88166029609014e-07	0.969438918790638	0.033	0.016	0.0142072648497195	c11	SNTB1
3.931779267856e-07	0.465204471089832	0.199	0.155	0.0143907052982797	c11	SARNP
3.96651021739212e-07	0.924846684447336	0.058	0.034	0.0145178240466769	c11	MCM6
4.02295873725623e-07	0.64817370697457	0.137	0.099	0.0147244312742315	c11	SNAPIN
4.04066368839157e-07	0.605707529861614	0.176	0.134	0.014789233165882	c11	TMEM208
4.06377326436702e-07	0.210828302985304	0.528	0.48	0.0148738165249097	c11	PTGES3
4.0892591262675e-07	0.410867249419229	0.145	0.104	0.0149670973280517	c11	SDF2
4.17763651572345e-07	3.45074787219659	0.002	0	0.0152905674111994	c11	AC027601.2
4.18313593579517e-07	3.44357792229468	0.002	0	0.0153106958386039	c11	SOAT2
4.22866298377406e-07	0.369153683646566	0.32	0.271	0.0154773293869115	c11	VAPA
4.27651803574673e-07	0.571461307220267	0.164	0.124	0.0156524836626366	c11	ADIPOR1
4.3092521828145e-07	0.296148471385006	0.326	0.274	0.0157722939143194	c11	BZW1
4.33628694806315e-07	0.721513177442655	0.063	0.037	0.0158712438586059	c11	ARHGAP35
4.34383198118794e-07	0.469449540373481	0.245	0.2	0.015898859434346	c11	NDUFA7
4.37851064285508e-07	0.831934245560209	0.069	0.042	0.0160257868039139	c11	MRPL39
4.43110211292458e-07	1.11857733075312	0.04	0.021	0.0162182768435153	c11	REC8
4.50266918602731e-07	0.301551944618892	0.593	0.548	0.0164802194877786	c11	CD7
4.52243617388228e-07	0.768092995030613	0.055	0.031	0.0165525686400265	c11	ODF3B
4.53364814472069e-07	1.68263252175015	0.014	0.005	0.0165936055744922	c11	NAGS
4.57096696375744e-07	1.43752758012231	0.027	0.012	0.0167301961840486	c11	USP18
4.61767146250291e-07	2.14999639361527	0.007	0.001	0.0169011393199069	c11	Z82188.2
4.64233289734332e-07	3.99326622307763	0.003	0	0.0169914026375663	c11	DNAH14
4.65048655151927e-07	1.32924996114446	0.028	0.013	0.0170212458272157	c11	NACC1
4.71201454392457e-07	0.742026841661083	0.072	0.045	0.0172464444322183	c11	DCLRE1C
4.81406053193253e-07	0.613173372381017	0.136	0.098	0.0176199429529263	c11	SUDS3
4.87192570122204e-07	1.40471749293128	0.016	0.006	0.0178317352590428	c11	GRAMD4
4.92550312419334e-07	0.634327897581674	0.172	0.132	0.01802783398486	c11	PIN4
5.07072892169503e-07	0.567358346741203	0.09	0.059	0.018559374926296	c11	ST6GALNAC6
5.09172829999341e-07	0.445458965320672	0.137	0.098	0.0186362347508059	c11	TOR1AIP1
5.21965515120464e-07	1.40625194183726	0.021	0.009	0.0191044598189241	c11	ZBTB9
5.24625768909983e-07	0.109331236642064	0.932	0.878	0.0192018277678743	c11	CD3E
5.60924101598737e-07	0.364823363607931	0.304	0.257	0.0205303830426154	c11	G3BP2
5.6381425131707e-07	0.872042463108079	0.057	0.033	0.0206361654124561	c11	GPATCH2
5.72978587696017e-07	0.600512257886847	0.083	0.053	0.0209715892882619	c11	TBL1XR1
5.75965958006728e-07	0.586788970334325	0.223	0.181	0.0210809300290042	c11	SNRPE
5.91682829458914e-07	0.434563962734224	0.158	0.116	0.0216561832410257	c11	HNRNPAB
5.95178762205246e-07	0.651209749280849	0.076	0.048	0.0217841378754742	c11	USP20
6.00280402338991e-07	0.492013963315666	0.184	0.142	0.0219708630060094	c11	SCML4
6.13799686775999e-07	0.562654343618793	0.141	0.103	0.0224656823356883	c11	MAPKAPK3
6.17033870860161e-07	0.869384075392816	0.056	0.032	0.0225840567073528	c11	CIAO3
6.2656880163466e-07	0.676808707082209	0.08	0.051	0.0229330447086302	c11	MED31
6.31057036635908e-07	0.666567961525203	0.143	0.106	0.0230973185979109	c11	CMPK1
6.31571385017603e-07	0.274925327661585	0.396	0.348	0.0231161442630293	c11	ARRB2
6.79212757170069e-07	1.02865030176464	0.056	0.033	0.0248598661251817	c11	TSPAN17
6.89378369424448e-07	0.126731798704292	0.888	0.857	0.0252319376993042	c11	H3F3B
6.99875960110962e-07	0.87129668199992	0.05	0.028	0.0256161600160213	c11	SLC2A1
7.06383840883553e-07	0.58885225684619	0.106	0.073	0.0258543549601789	c11	PDXDC1
7.23107091586642e-07	0.663762017418792	0.096	0.064	0.0264664426591627	c11	ZC3H8
7.25243946769646e-07	0.367055792892735	0.178	0.135	0.0265446536957158	c11	PNP
7.57615276124078e-07	0.650976865478686	0.151	0.112	0.0277294767214174	c11	SYS1
7.60361935316641e-07	0.579302228112073	0.158	0.119	0.0278300071945244	c11	ERG28
7.81968097267355e-07	0.377318154838512	0.27	0.224	0.0286208143280825	c11	CCDC12
7.85668547125186e-07	0.284824953582318	0.367	0.317	0.0287562544933289	c11	ARHGEF1
7.90296157662899e-07	0.522964961664393	0.143	0.104	0.0289256296666198	c11	TXNDC9
8.2408952576999e-07	0.781469519645808	0.102	0.07	0.0301625007327074	c11	KLHDC4
8.27575884660029e-07	0.455628867062246	0.199	0.156	0.0302901049544417	c11	CMTM3
8.2771769545233e-07	0.383950054183775	0.13	0.092	0.0302952953712507	c11	SLC4A7
8.5561417877971e-07	0.495196020523303	0.143	0.105	0.0313163345575162	c11	ZNF644
8.9005051645883e-07	0.488582968108067	0.175	0.135	0.0325767389529096	c11	MAP4K1
8.9437405874373e-07	0.559120283871362	0.097	0.065	0.0327349849240793	c11	EP300
9.00587436283674e-07	0.712208119464679	0.056	0.032	0.0329624007554188	c11	TRIP4
9.03890667031918e-07	0.682086658773246	0.105	0.072	0.0330833023040352	c11	ATG101
9.0736169543625e-07	0.254884096473031	0.318	0.268	0.0332103454146622	c11	VCP
9.12429591879538e-07	0.395642060085276	0.273	0.227	0.033395835492383	c11	GNAI2
9.17525122661716e-07	0.44687424562459	0.171	0.13	0.0335823370145415	c11	PRNP
9.32141037806902e-07	0.655797667651743	0.09	0.059	0.0341172941247704	c11	THUMPD3
9.39790340921459e-07	6.20929563194237	0.001	0	0.0343972662680663	c11	AP006545.2
9.39790340921459e-07	6.58219098001523	0.001	0	0.0343972662680663	c11	INSL6
9.39790340921459e-07	5.92568612916095	0.001	0	0.0343972662680663	c11	NXF3
9.40639619011447e-07	4.78714724501576	0.001	0	0.034428350695438	c11	AL355001.1
9.40639619011447e-07	5.32679479564822	0.001	0	0.034428350695438	c11	FUT2
9.41489635974515e-07	3.86665357080891	0.001	0	0.0344594621663032	c11	CALHM1
9.43892240759006e-07	0.956846673346795	0.058	0.034	0.0345473999040204	c11	FBXL3
9.585025990316e-07	0.644808448019992	0.088	0.058	0.0350821536271556	c11	EIF2B2
9.5867299906733e-07	0.468904656787904	0.104	0.071	0.0350883904388634	c11	SFT2D2
9.73208740722784e-07	0.165995695086263	0.703	0.66	0.0356204131191946	c11	CHCHD2
9.80651184322938e-07	2.71960054645427	0.006	0.001	0.0358928139974038	c11	BSPRY
9.84033340469058e-07	1.25830782632808	0.039	0.02	0.036016604294508	c11	POMZP3
1.02843775717347e-06	0.803624769947666	0.06	0.036	0.0376418503503064	c11	GEMIN6
1.03507389361406e-06	1.80112614654869	0.022	0.009	0.0378847395801683	c11	TRBV11-3
1.03907228316566e-06	0.239572214303813	0.48	0.434	0.0380310846361463	c11	MORF4L1
1.08615545414315e-06	0.688981816597944	0.081	0.052	0.0397543757770933	c11	MNAT1
1.09891048705999e-06	0.685271642768682	0.09	0.059	0.0402212227368826	c11	PARVB
1.10196590072939e-06	0.444103910633596	0.202	0.157	0.0403330539325963	c11	TMED5
1.13267506038139e-06	0.558302479264441	0.165	0.125	0.0414570398850193	c11	PHF5A
1.13931283709262e-06	0.571549830864201	0.145	0.107	0.0416999891504271	c11	CNOT4
1.14601855300011e-06	0.513364503225095	0.213	0.17	0.0419454250583569	c11	USP16
1.15617050140516e-06	0.368148908112467	0.24	0.194	0.0423169965219303	c11	MOB1A
1.16775197550919e-06	0.735376776749793	0.113	0.079	0.042740890055612	c11	PDZD11
1.2102719428161e-06	0.415450305771929	0.103	0.07	0.0442971633790122	c11	NCOA3
1.21234732329755e-06	0.42670661126611	0.211	0.167	0.0443731243800137	c11	SUGT1
1.25362307999051e-06	0.672776685686358	0.033	0.017	0.0458838583507325	c11	GOLIM4
1.30504895414304e-06	0.220949769898326	0.577	0.535	0.0477660967705894	c11	COX6C
1.31999207535382e-06	0.578964393480859	0.142	0.105	0.0483130299500252	c11	MRPL13
1.32711483915695e-06	0.855037928469521	0.053	0.031	0.0485737302279834	c11	GLE1
1.35314743970749e-06	0.163215457859589	0.634	0.592	0.0495265494407338	c11	CAPZB
1.36293884063986e-06	0.879261721950683	0.05	0.028	0.0498849245062594	c11	DDX20
