p_val	avg_log2FC	pct.1	pct.2	p_val_adj	cluster	gene
0	1.93147846113838	0.909	0.337	0	c8	GZMH
0	2.00533416403492	0.999	0.491	0	c8	NKG7
0	1.89307935220067	0.658	0.19	0	c8	GZMB
0	1.90746659778618	0.682	0.217	0	c8	PLEK
0	1.62800823680378	0.971	0.507	0	c8	CST7
0	1.53444428959464	0.934	0.503	0	c8	CTSW
0	1.10815086333847	0.933	0.517	0	c8	GZMA
0	2.09647400119893	0.632	0.217	0	c8	GNLY
0	2.62921974741258	0.514	0.101	0	c8	FGFBP2
0	1.44244780241515	0.676	0.286	0	c8	CD8A
0	1.3079259167289	0.714	0.331	0	c8	CD8B
0	1.36918542191029	0.801	0.425	0	c8	GZMM
0	1.83442788269218	0.518	0.143	0	c8	KLRD1
0	1.31524597655123	0.62	0.255	0	c8	KLRK1
0	1.11202957172015	0.997	0.634	0	c8	CCL5
0	1.75335053501483	0.591	0.231	0	c8	PRF1
0	1.73618494046651	0.541	0.206	0	c8	CMC1
0	1.55346944144526	0.574	0.247	0	c8	KLRG1
0	3.11404629475751	0.313	0.039	0	c8	ADGRG1
0	2.55138396557692	0.304	0.048	0	c8	CX3CR1
0	2.64235871221499	0.321	0.068	0	c8	SPON2
0	2.2988746850545	0.286	0.063	0	c8	FCRL6
0	0.417615735890054	1	0.996	0	c8	HLA-B
8.69936121333736e-303	0.324707900358794	1	1	3.18405319769361e-298	c8	B2M
4.22834111121304e-294	0.487398565048231	1	0.991	1.54761513011508e-289	c8	HLA-C
1.78379791870493e-288	0.604389363289686	0.996	0.957	6.5288787622519e-284	c8	PFN1
2.19870409673751e-281	1.25199719605428	0.732	0.439	8.04747686446896e-277	c8	LITAF
2.33033098093531e-251	0.916607881058282	0.884	0.664	8.52924442332134e-247	c8	HCST
2.68423838982481e-248	2.27662503164688	0.219	0.047	9.8245809305978e-244	c8	S1PR5
3.91767203553321e-247	2.52233823124155	0.189	0.036	1.43390714172551e-242	c8	TTC38
4.06745336818958e-244	2.29582554083712	0.206	0.042	1.48872860729107e-239	c8	FGR
8.08973277985468e-237	0.790409795430586	0.459	0.174	2.96092309475461e-232	c8	CCL4
3.50565371032191e-232	1.29631191151279	0.561	0.265	1.28310431451492e-227	c8	DUSP2
9.75591901018485e-213	0.994224513669768	0.821	0.599	3.57076391691776e-208	c8	IFITM2
1.28844510207176e-201	1.75620985219565	0.322	0.111	4.71583791809285e-197	c8	ABI3
2.52680398770238e-195	2.28631863153353	0.163	0.033	9.2483552753895e-191	c8	C1orf21
2.6105343132956e-195	1.31163902745212	0.509	0.249	9.55481664009324e-191	c8	C12orf75
6.41948761563624e-195	1.98123928738356	0.277	0.088	2.34959666219902e-190	c8	CLIC3
3.28902503879252e-184	2.37030803034903	0.152	0.031	1.20381605444845e-179	c8	KLRF1
1.22409991317082e-183	0.466522229397889	0.992	0.928	4.48032809219652e-179	c8	SH3BGRL3
3.49638203224539e-180	1.5197254808719	0.363	0.145	1.27971078762213e-175	c8	MATK
4.44076274234596e-164	2.21395702435604	0.131	0.025	1.62536357132605e-159	c8	PRSS23
1.35072100130772e-157	1.04501748076481	0.599	0.361	4.9437739368864e-153	c8	MT2A
1.38641068038428e-156	2.34169673695799	0.161	0.039	5.0744017312745e-152	c8	TRGV9
1.77846777974842e-154	0.456897354052747	0.999	0.993	6.50936992065717e-150	c8	ACTB
2.02208599979202e-154	0.315535265883277	1	0.989	7.40103696783878e-150	c8	HLA-A
5.96426305872584e-153	0.692390624944282	0.82	0.628	2.18297992212424e-148	c8	SRGN
1.93402887990358e-146	2.56172120193976	0.099	0.016	7.07873910333508e-142	c8	ASCL2
1.82981583072262e-138	0.461578680474584	0.974	0.899	6.69730892202786e-134	c8	CFL1
3.2167955334183e-138	0.638131476774596	0.849	0.694	1.17737933318643e-133	c8	CYBA
5.45754050922299e-137	0.776802721300143	0.756	0.559	1.99751440178071e-132	c8	PLAAT4
1.80291449086888e-136	2.45984437056741	0.127	0.028	6.59884732802921e-132	c8	CD160
3.84981861241027e-135	1.34614088630187	0.232	0.079	1.40907211032828e-130	c8	ZEB2
3.004513057912e-127	0.39058864274228	0.984	0.92	1.09968182432637e-122	c8	IL32
9.01329445977061e-126	1.13945648952561	0.481	0.275	3.29895590522064e-121	c8	KLRB1
1.91160858785899e-120	0.684866677779977	0.733	0.519	6.99667859242268e-116	c8	HLA-DPB1
1.31147180283305e-114	1.35752219033444	0.315	0.146	4.80011794554926e-110	c8	EFHD2
2.83492534888558e-114	1.41702112381978	0.216	0.078	1.03761102694561e-109	c8	TGFBR3
3.04092454378019e-113	0.786324124533704	0.643	0.445	1.11300879226899e-108	c8	GSTP1
4.91791881838412e-113	0.849032369951877	0.614	0.427	1.80000746671677e-108	c8	SLC9A3R1
9.80636932821192e-108	2.77602121043179	0.067	0.01	3.58922923781884e-103	c8	TRGV4
1.07967876882953e-107	1.17968729848046	0.347	0.174	3.95173226179295e-103	c8	APMAP
3.94515182670435e-105	1.34887895204256	0.271	0.118	1.44396502009206e-100	c8	FCGR3A
5.66223287215672e-103	1.63582140666054	0.16	0.051	2.07243385353808e-98	c8	XCL2
1.06371083401099e-102	0.55848066020764	0.777	0.586	3.89328802356362e-98	c8	HLA-DPA1
2.74810460011613e-102	1.07542136600594	0.389	0.209	1.0058337646885e-97	c8	LYAR
4.93602045970041e-102	0.929128405607315	0.603	0.448	1.80663284845495e-97	c8	ITGB2
3.48128891704601e-101	0.999317322543663	0.39	0.207	1.27418655652801e-96	c8	HOPX
6.82194603366867e-99	0.753095745324633	0.616	0.43	2.49690046778307e-94	c8	FLNA
3.83870119584308e-97	0.458063176297828	0.877	0.733	1.40500302469053e-92	c8	CD99
5.92948728724408e-97	1.22892945316045	0.325	0.164	2.17025164200421e-92	c8	TPST2
3.14185988670435e-95	0.757532477906473	0.648	0.485	1.14995213713266e-90	c8	CALR
5.60694187065312e-95	2.01820901941641	0.142	0.045	2.05219679407775e-90	c8	CHI3L2
5.34890962780448e-94	0.627426052530855	0.722	0.564	1.95775441287272e-89	c8	PPP1CA
9.02845214737607e-89	0.389271310528032	0.96	0.883	3.30450377046112e-84	c8	CALM1
1.02577831372653e-86	0.557001348908384	0.801	0.666	3.75445120607048e-82	c8	UBB
2.38336065193156e-85	1.13152353170351	0.193	0.075	8.72333832213469e-81	c8	KLRC4
1.05515912471794e-84	1.22084084471763	0.268	0.127	3.86198791238014e-80	c8	TRBV27
3.74456611314724e-83	1.11939921344114	0.338	0.185	1.37054864307302e-78	c8	RHOC
1.44827568226751e-82	2.34844301815498	0.055	0.009	5.30083382466731e-78	c8	LGR6
8.08611065501711e-82	0.466691087211204	0.853	0.741	2.95959736084281e-77	c8	ARPC2
3.9287495906144e-80	0.32680259328469	0.982	0.958	1.43796163766078e-75	c8	CD74
1.85549578905108e-79	0.398858873845163	0.852	0.698	6.79130013750587e-75	c8	CLIC1
5.25417811932565e-79	2.28332466683643	0.086	0.021	1.92308173345438e-74	c8	KLRC2
1.02538816612547e-78	0.394625091791586	0.952	0.835	3.75302322683585e-74	c8	IFITM1
1.25163643980718e-77	2.43027271639309	0.069	0.014	4.58111453333826e-73	c8	SYNGR1
1.27251271430736e-77	1.43896163549399	0.203	0.087	4.65752378563638e-73	c8	TRAV26-1
1.58682370290017e-77	1.38919700321416	0.183	0.074	5.80793343498491e-73	c8	PTGDR
6.08466667485606e-75	0.772898729750041	0.482	0.321	2.22704884966407e-70	c8	CLEC2B
1.21285062451068e-74	0.998488436812654	0.292	0.153	4.43915457077153e-70	c8	SAMD3
3.15020386829398e-73	2.64189319476887	0.042	0.006	1.15300611783428e-68	c8	NCR1
2.07535280711123e-70	1.9797419583924	0.196	0.088	7.59599880930783e-66	c8	TRBV7-9
2.69023559371585e-70	0.315870662436668	0.947	0.872	9.84653129655937e-66	c8	MYL6
8.775101647026e-69	1.65352283203702	0.119	0.04	3.21177495382799e-64	c8	TBX21
7.84158476984083e-68	1.69092471423866	0.08	0.021	2.87009844160944e-63	c8	CCL3
2.41074168473951e-67	0.979512070751344	0.309	0.174	8.82355564031508e-63	c8	RASSF1
5.85109429956462e-67	1.78507964687831	0.079	0.021	2.14155902458364e-62	c8	ENC1
4.05044931322147e-66	0.96534906219963	0.181	0.077	1.48250495313219e-61	c8	AOAH
5.06653169166525e-66	1.2344413496117	0.283	0.158	1.8544012644664e-61	c8	PLAC8
6.91678791723579e-65	1.53375569561779	0.145	0.057	2.53161354558747e-60	c8	CD300A
4.51998917325173e-63	1.69507369434631	0.094	0.029	1.65436123730187e-58	c8	TRGV7
5.17332898410758e-61	1.35712085533508	0.158	0.067	1.89349014147322e-56	c8	MAP3K8
2.26154241110902e-60	0.384190310789998	0.818	0.7	8.27747137890013e-56	c8	LSP1
3.56678109957501e-58	0.895637963780702	0.15	0.062	1.30547755025545e-53	c8	CCL4L2
7.0285271610685e-58	3.09592668189424	0.051	0.011	2.57251122622268e-53	c8	TRDV2
1.13557166885205e-57	2.46528501706515	0.055	0.012	4.15630586516539e-53	c8	TRGV2
7.35883546395366e-57	1.58427575598505	0.136	0.056	2.69340736816168e-52	c8	MT1E
1.29072847993775e-56	2.3556487000168	0.044	0.008	4.72419530942016e-52	c8	KIF19
2.50394085148525e-56	0.306221380660525	0.929	0.848	9.16467391052116e-52	c8	SERF2
8.64332279769005e-55	0.721167275362355	0.468	0.345	3.16354257718253e-50	c8	BIN2
1.29859724817014e-54	0.715436828358557	0.329	0.201	4.75299578802753e-50	c8	SYNE1
1.88387917281313e-53	0.911323880887088	0.256	0.143	6.89518616041334e-49	c8	PYHIN1
4.19760619332566e-53	0.429107256975619	0.711	0.596	1.53636584281913e-48	c8	CD3G
1.00483921428469e-52	0.999705834238265	0.16	0.072	3.67781200820339e-48	c8	SLAMF7
1.68568703682861e-52	0.561452743960883	0.513	0.376	6.16978312349639e-48	c8	PAXX
3.42400739933882e-52	0.683297452953867	0.439	0.307	1.253220948232e-47	c8	ARPC5L
2.03480270640505e-51	0.359988219558746	0.879	0.791	7.44758138571312e-47	c8	UBC
3.39642350074419e-51	1.24783006762852	0.12	0.047	1.24312496550738e-46	c8	USP28
2.56698599949602e-50	1.09550830179677	0.145	0.063	9.39542545675539e-46	c8	ADRB2
5.19609737403132e-50	1.00999662559251	0.252	0.144	1.9018235998692e-45	c8	RUNX3
6.88150596662416e-50	2.31382079700803	0.045	0.01	2.51869999884411e-45	c8	OSBPL5
1.36443309194367e-49	0.695176394521011	0.478	0.36	4.99396155982302e-45	c8	RAP1B
4.73816662871304e-49	1.4416712849646	0.093	0.033	1.73421636777526e-44	c8	LPCAT1
2.05564522716382e-48	0.42401065303276	0.576	0.44	7.52386709594229e-44	c8	CTSC
5.06472016920818e-48	0.374461463243116	0.815	0.722	1.85373822913189e-43	c8	CD3D
5.4839760612179e-48	0.710707532222134	0.389	0.267	2.00719007816636e-43	c8	SPN
4.12954448967516e-47	0.408532480329587	0.755	0.646	1.511454578666e-42	c8	PPIB
8.36093941005349e-47	1.77237160788287	0.071	0.022	3.06018743347368e-42	c8	CD244
9.53399615268891e-47	0.862947838620809	0.283	0.174	3.48953793184567e-42	c8	ITGAL
1.05492425599275e-46	0.531365680285852	0.532	0.411	3.86112826935906e-42	c8	ARL6IP1
4.21217365066895e-46	2.08356585849195	0.05	0.012	1.54169767788134e-41	c8	MMP23B
1.36005140758105e-45	1.96886716190014	0.047	0.011	4.97792415688738e-41	c8	LILRB1
1.58635328312018e-45	0.800925841301677	0.271	0.161	5.80621165154817e-41	c8	CHST12
4.48953343653257e-45	0.448249429703008	0.695	0.583	1.64321413310528e-40	c8	LY6E
1.22502568121159e-44	1.42325956121353	0.091	0.034	4.48371649580256e-40	c8	TTC16
1.85217685013191e-44	3.70716403512192	0.019	0.002	6.77915248916782e-40	c8	KIR2DL3
2.35263573835351e-44	0.869547818728678	0.339	0.229	8.6108820659477e-40	c8	MYO1G
4.38364663985707e-44	0.296373727455765	0.904	0.829	1.60445850665408e-39	c8	CORO1A
5.62897063278784e-44	0.30977779745173	0.859	0.752	2.06025954130668e-39	c8	HSP90AA1
1.051004889857e-43	1.17525998023303	0.127	0.057	3.84678299736561e-39	c8	CEP78
1.14418341119071e-43	1.60684746413036	0.088	0.033	4.18782570329913e-39	c8	TRAV10
1.84671417132508e-43	0.461265744052447	0.673	0.558	6.75915853846692e-39	c8	UCP2
1.84550649727542e-42	0.137581845206802	1	0.99	6.75473833067775e-38	c8	TMSB4X
4.05410809026989e-42	0.931546437293989	0.244	0.145	1.48384410211968e-37	c8	TRG-AS1
7.36434320177051e-42	2.18825449254473	0.043	0.01	2.69542325528002e-37	c8	LINC02384
9.72511856182664e-42	0.113271941161008	0.821	0.748	3.55949064481417e-37	c8	PTPRC
1.19948220810637e-41	1.68641538267752	0.064	0.02	4.39022482989011e-37	c8	TRGC2
1.45108432970167e-41	0.303688082726086	0.87	0.786	5.3111137551411e-37	c8	H3F3A
2.0320170304296e-41	0.38287632020341	0.713	0.605	7.43738553307539e-37	c8	PSMB9
1.64269966236711e-40	0.681506168480711	0.385	0.273	6.01244503422985e-36	c8	CDK2AP2
2.01721595202121e-40	0.429810217432676	0.626	0.518	7.38321210599285e-36	c8	GUK1
2.48273605628521e-40	1.47783595989731	0.068	0.022	9.08706223960949e-36	c8	FCRL3
2.60267624587205e-40	0.612318351378262	0.465	0.355	9.52605532751628e-36	c8	ARL4C
5.0712736205403e-40	1.79680605668767	0.078	0.028	1.85613685785396e-35	c8	COL6A2
6.29438520441982e-40	0.537832674804686	0.496	0.382	2.3038079286697e-35	c8	PPP1R18
6.78176541009046e-40	0.475592393103291	0.612	0.509	2.48219395774721e-35	c8	RBM3
9.79982236371148e-40	0.443398643624149	0.548	0.441	3.58683298334204e-35	c8	PDIA3
4.67114302936139e-39	0.199661217211052	0.951	0.91	1.70968506017656e-34	c8	HLA-E
5.62440822273443e-39	1.56161359930063	0.051	0.014	2.05858965360303e-34	c8	ITGAM
9.5169443846075e-39	1.14419676706727	0.181	0.1	3.48329681421019e-34	c8	NCR3
1.04194216042765e-38	0.511476890468619	0.535	0.429	3.81361250138125e-34	c8	PSMB10
1.45647726837275e-38	1.80962174962804	0.055	0.017	5.3308524499711e-34	c8	TRGC1
1.50712356703109e-38	2.0548856006854	0.058	0.018	5.51622296769049e-34	c8	LAIR2
1.32849597691817e-37	0.87751394076155	0.255	0.16	4.8624281251182e-33	c8	C5orf56
2.04492232314576e-37	0.685100043449163	0.299	0.196	7.48462019494578e-33	c8	MYO1F
3.62401063960869e-37	0.819248530157373	0.206	0.118	1.32642413420318e-32	c8	TIGIT
4.85799762412612e-37	1.82390979504235	0.086	0.035	1.7780757104064e-32	c8	TRAV20
5.75914508761684e-37	0.646830752414793	0.316	0.214	2.10790469351864e-32	c8	FYN
8.32579109352719e-37	0.274344656786476	0.907	0.828	3.04732279814189e-32	c8	PPDPF
3.37223488810243e-36	0.302518239781432	0.824	0.723	1.23427169139437e-31	c8	PSME1
9.63839911478611e-36	1.58865299957209	0.064	0.022	3.52775046000286e-31	c8	IGLV2-14
9.71092531806832e-36	1.09962032199168	0.151	0.079	3.55429577566618e-31	c8	TFDP2
6.37416416156291e-35	0.426689825718723	0.628	0.528	2.33300782477364e-30	c8	PSME2
1.03799810678762e-34	0.254404124165247	0.919	0.853	3.79917687065337e-30	c8	H3F3B
1.24609272550649e-34	0.59188036221856	0.199	0.113	4.56082398462629e-30	c8	LAG3
3.29822377089349e-34	0.708650260196912	0.356	0.257	1.20718288238473e-29	c8	PYCARD
3.77958942275955e-34	1.62341988474991	0.041	0.011	1.38336752462422e-29	c8	PLOD1
7.75214725849807e-34	0.861093455532405	0.202	0.119	2.83736341808288e-29	c8	SYTL3
1.00117595006065e-33	0.327306047406402	0.392	0.272	3.664404094817e-29	c8	APOBEC3G
2.46667752273705e-33	1.17748021250624	0.103	0.047	9.02828640096988e-29	c8	FUT11
3.39503590630324e-33	0.229982704449885	0.747	0.638	1.24261709206605e-28	c8	HLA-DRB1
4.18069295185562e-33	0.219385809099412	0.934	0.877	1.53017542730868e-28	c8	CD3E
6.3877695302538e-33	0.383324743992964	0.563	0.459	2.33798752576819e-28	c8	MSN
8.87505212034477e-33	0.319829695578173	0.735	0.651	3.24835782656739e-28	c8	TPM3
1.18126116029908e-32	0.637776890101774	0.389	0.297	4.32353397281066e-28	c8	NDUFB7
1.96432868046339e-32	0.733963675010596	0.289	0.198	7.18963940336406e-28	c8	KLF3
3.23467197991553e-32	0.164257572923096	0.997	0.968	1.18392229136888e-27	c8	TMSB10
3.80000342873794e-32	0.673644934409568	0.332	0.237	1.39083925495237e-27	c8	IDH2
4.11993399432646e-32	2.29577705500188	0.029	0.006	1.50793704126343e-27	c8	KLRC3
6.04944256098454e-32	0.34676869112826	0.663	0.573	2.21415647174595e-27	c8	ELOB
6.43995120229678e-32	2.13933782218087	0.027	0.006	2.35708653955264e-27	c8	NMUR1
7.03208219779821e-32	1.13578667148956	0.164	0.093	2.57381240521612e-27	c8	ABHD17A
1.01996239446177e-31	1.83657596400363	0.047	0.014	3.73316435996951e-27	c8	TRGV8
3.5035849299696e-31	0.863167545529065	0.237	0.154	1.28234712021817e-26	c8	RAB29
3.63809409981784e-31	0.469989604997634	0.456	0.358	1.33157882147433e-26	c8	BSG
7.0690433933636e-31	2.25267338825769	0.034	0.008	2.58734057240501e-26	c8	TUBB4A
7.55417572731216e-31	0.495374800960632	0.494	0.4	2.76490385795352e-26	c8	DBI
3.03570925916054e-30	1.02185804626052	0.165	0.095	1.11109994594535e-25	c8	G6PD
3.15650794600907e-30	0.777344568309996	0.247	0.162	1.15531347331878e-25	c8	SASH3
3.92067995727378e-30	2.2443357583952	0.019	0.003	1.43500807116178e-25	c8	FCGR3B
4.15234429894911e-30	0.754041326927716	0.236	0.152	1.51979953685836e-25	c8	SH2D1A
6.03292252268055e-30	0.954704892792298	0.187	0.113	2.20810997252631e-25	c8	MRPL10
1.42074541559044e-29	1.61684863346452	0.032	0.008	5.20007029560257e-25	c8	PDGFD
2.8643102129577e-29	0.609517194254976	0.42	0.334	1.04836618104465e-24	c8	ZFP36
2.88061733485327e-29	0.994902260384831	0.132	0.07	1.05433475072965e-24	c8	PDLIM1
3.03843752255852e-29	2.68740997809765	0.026	0.006	1.11209851763164e-24	c8	KIR3DL1
1.14719299310954e-28	0.253837771698294	0.852	0.767	4.19884107408023e-24	c8	RAC2
1.26764811712165e-28	1.15916752507591	0.136	0.075	4.63971887347693e-24	c8	PRR5
1.5095411349349e-28	0.262014036030249	0.788	0.697	5.52507150797522e-24	c8	ARPC3
2.23848426865872e-28	0.24329564617909	0.87	0.795	8.19307627171779e-24	c8	OAZ1
2.51614501964968e-28	0.55037391994144	0.305	0.216	9.20934238641978e-24	c8	ZBTB38
4.61197625177829e-28	0.838777393502314	0.181	0.109	1.68802942791337e-23	c8	PLAAT3
4.83128108779838e-28	1.20602047489872	0.086	0.039	1.76829719094508e-23	c8	ARHGAP10
5.81802317052366e-28	0.496620445015657	0.418	0.326	2.12945466064336e-23	c8	DOK2
8.65490578679839e-28	0.930713852785681	0.117	0.06	3.16778206702608e-23	c8	EOMES
1.08113486489146e-27	0.322006609398998	0.661	0.579	3.95706171898923e-23	c8	LCK
1.14878988149673e-27	1.06802200654575	0.135	0.074	4.20468584526617e-23	c8	RAB37
1.18513482008919e-27	1.37487885967482	0.079	0.034	4.33771195500843e-23	c8	RGS3
1.68479914416475e-27	1.91037040203994	0.027	0.006	6.16653334755742e-23	c8	EPB41L4A
2.37553904750352e-27	0.438059420610687	0.48	0.391	8.69471046776765e-23	c8	HLA-F
4.34307762078079e-27	1.48827319050556	0.088	0.041	1.58960983998198e-22	c8	GTSF1
4.65655037117021e-27	0.978076967753833	0.117	0.061	1.70434400135201e-22	c8	VCL
8.3044736518556e-27	0.723936687109711	0.3	0.219	3.03952040131567e-22	c8	VAMP5
9.78095637814523e-27	0.558840620553928	0.328	0.24	3.57992784396494e-22	c8	SH2D2A
1.63379973357951e-26	0.971670556988656	0.161	0.097	5.97987040487436e-22	c8	PRKCB
1.69331155941787e-26	0.335309655420103	0.624	0.538	6.19768963862534e-22	c8	PRR13
3.19465966973349e-26	0.268317119635781	0.784	0.703	1.16927738571915e-21	c8	SRP14
3.4058296580749e-26	0.557493580743264	0.33	0.24	1.24656771315199e-21	c8	ID2
3.64775638125783e-26	0.296045906765154	0.66	0.574	1.33511531310418e-21	c8	VAMP2
8.50874591089949e-26	0.883005741011754	0.202	0.131	3.11428609084832e-21	c8	UBE2E3
1.49521902056476e-25	0.577579454859609	0.313	0.229	5.47265113716907e-21	c8	BTN3A2
2.3468059666214e-25	0.220809608641446	0.809	0.732	8.58954451843097e-21	c8	MYL12B
3.27618383920226e-25	0.477108453928103	0.427	0.344	1.19911604698642e-20	c8	ARRB2
4.89171864261667e-25	0.192490200939933	0.927	0.864	1.79041794038413e-20	c8	PPIA
5.26785327878256e-25	0.924312575319367	0.171	0.106	1.9280869785672e-20	c8	PXN
1.03054524334641e-24	1.24525360816225	0.068	0.03	3.7718986451722e-20	c8	RAP1GAP2
1.27469985060853e-24	0.48963044087409	0.348	0.265	4.66552892321227e-20	c8	PPP2R5C
1.70987167343076e-24	0.367389212250988	0.613	0.536	6.25830131192394e-20	c8	SUB1
1.94289113610074e-24	0.589568932066905	0.138	0.077	7.11117584724231e-20	c8	F2R
2.16962111771562e-24	0.300897820798793	0.647	0.542	7.94103025295095e-20	c8	CD7
2.72309251331223e-24	0.857066601273113	0.105	0.055	9.96679090797411e-20	c8	PATL2
3.18948855435588e-24	2.5605007319479	0.015	0.002	1.1673847057798e-19	c8	PRSS57
3.23777892923442e-24	0.360678373507354	0.547	0.459	1.18505946588909e-19	c8	C9orf16
3.79874458454553e-24	0.7130214369301	0.207	0.137	1.39037850538951e-19	c8	ARHGAP25
7.69333413813894e-24	0.535741288734638	0.33	0.248	2.81583722790023e-19	c8	GNG2
1.53339665985174e-23	1.1980188967561	0.067	0.029	5.61238511472334e-19	c8	PRR5L
2.34641904866104e-23	3.35241848850374	0.007	0	8.58812836000426e-19	c8	DGKK
2.87788875991756e-23	2.19062192347028	0.017	0.003	1.05333606501743e-18	c8	CMKLR1
3.77053824589789e-23	2.37522247393778	0.019	0.004	1.38005470338109e-18	c8	XPNPEP2
4.85184299611766e-23	2.26368317789654	0.026	0.007	1.77582305500903e-18	c8	FEZ1
7.0453854231888e-23	0.305255576322052	0.815	0.755	2.57868151874133e-18	c8	RPS26
8.26584445776276e-23	5.01546580118274	0.006	0	3.02538172998575e-18	c8	CTSG
1.01266276018252e-22	0.378282450200673	0.548	0.478	3.70644696854406e-18	c8	CCND3
1.14984317871066e-22	0.306725392051159	0.593	0.523	4.20854101839888e-18	c8	SEPTIN7
1.26764659890641e-22	0.419225251076325	0.475	0.398	4.63971331665734e-18	c8	ARPC4
1.96260230269028e-22	0.906888666155408	0.061	0.026	7.1833206880767e-18	c8	DTHD1
2.14777300151698e-22	7.06818728147563	0.004	0	7.86106396285229e-18	c8	SH2D1B
2.25646833210577e-22	0.821063660121973	0.214	0.148	8.25889974234032e-18	c8	CDKN2D
2.75290028583455e-22	0.401814650140522	0.468	0.389	1.0075890336183e-17	c8	NDUFB10
3.17550529002175e-22	0.447564786862056	0.453	0.38	1.16226669120086e-17	c8	ANXA6
6.02088102062406e-22	1.05599844785811	0.086	0.043	2.20370266235861e-17	c8	SERTAD3
6.31599803277725e-22	1.3454571525865	0.044	0.016	2.3117184399768e-17	c8	ADGRG5
7.08430476249155e-22	0.246582118128777	0.735	0.656	2.59292638611953e-17	c8	CHCHD2
7.76539632048635e-22	3.59049199075487	0.008	0.001	2.84221270726121e-17	c8	VIT
9.36537568016584e-22	0.442389013346668	0.451	0.37	3.4278211526975e-17	c8	IRF1
1.21947219371103e-21	0.906118107455046	0.079	0.038	4.46339017620172e-17	c8	CRTAM
1.25918630562702e-21	0.638201359203895	0.223	0.154	4.60874779722545e-17	c8	TSEN54
2.03053567798356e-21	0.311457588733477	0.607	0.537	7.43196363498761e-17	c8	HNRNPDL
2.91607372891348e-21	0.760872097725513	0.224	0.157	1.06731214551962e-16	c8	CISD3
3.52943118885687e-21	0.482873126404182	0.416	0.345	1.2918071094335e-16	c8	BIN1
4.08590334818476e-21	1.45151565636154	0.033	0.011	1.49548148446911e-16	c8	FAM49A
4.19585948766322e-21	0.254956439201658	0.611	0.538	1.53572653107961e-16	c8	HSP90B1
4.99999075252092e-21	0.394368215045272	0.351	0.272	1.83004661533018e-16	c8	TLN1
6.92266649862168e-21	0.369902202660887	0.521	0.451	2.53376516516052e-16	c8	PSMB8
7.66841564326758e-21	0.570483124333644	0.263	0.191	2.80671680959237e-16	c8	ACAA2
7.98541434769611e-21	1.19197708716227	0.087	0.045	2.92274150540025e-16	c8	SMAGP
1.96963326675955e-20	0.26584225213461	0.686	0.607	7.20905471966664e-16	c8	SSR4
3.32345074792865e-20	0.995421406582277	0.054	0.023	1.21641620824936e-15	c8	PIK3AP1
3.68347758336165e-20	0.221540682632009	0.754	0.683	1.3481896302862e-15	c8	RHOA
3.85170099566217e-20	0.509050020825718	0.298	0.226	1.40976108142231e-15	c8	PRKCH
4.43725190183914e-20	2.10207306256333	0.019	0.004	1.62407856859214e-15	c8	ZNF80
8.40928739557124e-20	1.17660199839114	0.08	0.041	3.07788327965303e-15	c8	LINC02084
1.62503941285469e-19	0.237971145328162	0.807	0.73	5.94780675498947e-15	c8	ARPC1B
1.73359300579094e-19	0.733135156078076	0.1	0.055	6.3451237604954e-15	c8	GAB3
1.75996543852739e-19	0.129819439651165	0.997	0.967	6.44164950155409e-15	c8	RPS19
3.16225636047289e-19	1.77582346510121	0.02	0.005	1.15741745049668e-14	c8	PALLD
3.18766526544606e-19	0.31974493354728	0.454	0.366	1.16671736380591e-14	c8	HLA-DRB5
4.23323679069786e-19	0.301988158119062	0.474	0.392	1.54940699776332e-14	c8	CD63
4.35602076780067e-19	0.580723297620347	0.248	0.181	1.59434716122272e-14	c8	SRPK2
6.42939371885065e-19	0.553164783874991	0.297	0.229	2.35322239503653e-14	c8	RAB1B
1.07414386743328e-18	0.142093972037459	0.872	0.795	3.93147396919256e-14	c8	EMP3
1.21959531261085e-18	0.170864245595993	0.871	0.795	4.46384080368699e-14	c8	ATP5F1E
1.24104942060991e-18	0.312136191973935	0.459	0.387	4.54236498437431e-14	c8	MBP
1.47419887058765e-18	0.169529299143379	0.935	0.879	5.39571528623788e-14	c8	ARHGDIB
1.64013303592902e-18	1.0473542465181	0.064	0.03	6.0030509248038e-14	c8	MCTP2
1.9640274776435e-18	1.45063473629062	0.036	0.013	7.18853697092297e-14	c8	PTPRM
2.05566587848722e-18	0.546702603192255	0.262	0.195	7.52394268185107e-14	c8	DNAJC1
2.49738150477472e-18	0.362933069054626	0.456	0.382	9.14066604562594e-14	c8	LBH
3.22275846908239e-18	0.479148496355236	0.355	0.289	1.17956182726885e-13	c8	ZAP70
3.23961655245323e-18	0.140635797488384	0.65	0.584	1.1857320543634e-13	c8	LCP1
4.98524001786203e-18	0.755339822926749	0.195	0.136	1.82464769893768e-13	c8	UBE2F
8.99440027221134e-18	1.40793943555723	0.045	0.019	3.29204044363207e-13	c8	GNGT2
1.78473763630535e-17	0.922635555218878	0.139	0.089	6.53231822264121e-13	c8	MIB2
1.90788496095864e-17	1.80706422180882	0.025	0.008	6.98304974560472e-13	c8	AL035701.1
2.40489956874244e-17	0.368167062014145	0.421	0.355	8.80217291155422e-13	c8	DHRS7
2.79333191185124e-17	0.916744890384809	0.17	0.116	1.02238741305667e-12	c8	POP4
4.05783181587474e-17	0.13040358516022	0.824	0.762	1.48520702292832e-12	c8	IL2RG
4.51694871344078e-17	0.737540822268769	0.107	0.063	1.65324839860646e-12	c8	JAZF1
5.12635073444481e-17	0.845594880373873	0.109	0.065	1.87629563231415e-12	c8	GABARAPL1
5.68665154242902e-17	0.519468557055652	0.309	0.246	2.08137133104445e-12	c8	CASP4
7.01880278143365e-17	0.812498302365828	0.093	0.052	2.56895200603253e-12	c8	HLA-DQA2
7.22586856247691e-17	0.697726948004698	0.1	0.057	2.64474015255217e-12	c8	PPP2R2B
7.49462779245533e-17	1.81637497111069	0.026	0.009	2.74310871831657e-12	c8	PDZD4
7.58463568453012e-17	0.387756802293654	0.383	0.317	2.77605250689487e-12	c8	OSTF1
8.67456061970164e-17	0.715116155571708	0.218	0.161	3.174975932417e-12	c8	PTRHD1
9.14390413409467e-17	0.618968665285895	0.181	0.125	3.34676035211999e-12	c8	RAB27A
9.83370648437513e-17	0.802031509208744	0.093	0.053	3.59923491034614e-12	c8	SKAP2
1.70559241906422e-16	0.884870768666388	0.111	0.067	6.24263881301696e-12	c8	ATG2A
1.78522062450775e-16	0.22522470242715	0.671	0.619	6.53408600776082e-12	c8	YWHAZ
2.41776529700988e-16	1.5297978996321	0.031	0.011	8.84926276358587e-12	c8	TSPOAP1
3.09618836146492e-16	0.242669246946575	0.64	0.556	1.13323590217977e-11	c8	TLE5
3.19894058401298e-16	0.5393610310549	0.27	0.209	1.17084424315459e-11	c8	MIEN1
3.28662247474452e-16	1.28367930222699	0.053	0.025	1.20293669198124e-11	c8	C11orf21
3.69349125737545e-16	0.202534088318303	0.696	0.621	1.35185473511199e-11	c8	PNRC1
3.88181359918625e-16	1.37935575286439	0.017	0.004	1.42078259543816e-11	c8	GPR141
4.01816323035778e-16	1.22730806088465	0.046	0.02	1.47068792394325e-11	c8	GSAP
4.37039084839901e-16	0.943455411350599	0.107	0.065	1.59960675442252e-11	c8	SIPA1
5.08814273459821e-16	2.23297720859148	0.017	0.004	1.86231112229029e-11	c8	DMKN
5.51542653047101e-16	0.866375532377205	0.111	0.068	2.01870126441769e-11	c8	STARD3NL
6.8853172687347e-16	0.9226006866286	0.101	0.06	2.52009497352959e-11	c8	MYBL1
7.43753109488818e-16	0.417847109573586	0.386	0.325	2.72221075604002e-11	c8	RNF167
1.01878261607614e-15	0.502800164625516	0.286	0.225	3.72884625310028e-11	c8	FAM49B
1.23390506239334e-15	0.963602735057077	0.074	0.04	4.51621591886585e-11	c8	TRBV7-6
1.28835493475419e-15	0.255923162953333	0.591	0.53	4.71550789669381e-11	c8	TRIR
1.37548419756504e-15	2.2773429898485	0.012	0.002	5.03440971150779e-11	c8	SLCO4C1
1.825685642036e-15	0.402608168414254	0.41	0.351	6.68219201841596e-11	c8	SF3B5
1.85082763847276e-15	0.56116720657466	0.263	0.206	6.77421423957414e-11	c8	NUCB2
2.1109538357498e-15	0.441848124044981	0.495	0.44	7.72630213422783e-11	c8	TRBC2
2.26875627936062e-15	0.332891655414099	0.402	0.336	8.30387485808779e-11	c8	IER2
3.47414658448183e-15	1.52040296452813	0.028	0.01	1.27157239138619e-10	c8	RASSF4
3.79658746954115e-15	0.703336365147818	0.134	0.088	1.38958897972676e-10	c8	SLAMF6
3.98243530509129e-15	1.34406343653695	0.029	0.011	1.45761114601646e-10	c8	SUSD1
4.19423399297571e-15	0.932491663315224	0.126	0.082	1.53513158376904e-10	c8	SERPINB6
4.55415976166976e-15	0.179454245749892	0.631	0.568	1.66686801436875e-10	c8	JAK1
4.90116070743519e-15	0.482226407836707	0.31	0.248	1.79387383052835e-10	c8	IFITM3
5.48567716058792e-15	0.740745779357892	0.153	0.105	2.00781269754678e-10	c8	SIRT2
6.6526210984321e-15	0.947556333033283	0.058	0.029	2.43492584823713e-10	c8	AC103702.2
6.67272598176968e-15	0.220720631329978	0.397	0.323	2.44228443658752e-10	c8	HLA-DQA1
7.04555192044831e-15	0.5563715421619	0.252	0.195	2.57874245840329e-10	c8	DENND2D
8.38174400461721e-15	0.32727676665553	0.441	0.378	3.06780212312994e-10	c8	CCDC85B
8.63240110303086e-15	1.27753928769476	0.06	0.031	3.15954512772033e-10	c8	FHL3
8.74941477937525e-15	0.311707224955204	0.452	0.393	3.20237330339914e-10	c8	PRELID1
8.92168303700294e-15	0.529944852226532	0.292	0.236	3.26542520837345e-10	c8	SCP2
9.1825082137213e-15	1.45293460722669	0.031	0.012	3.36088983130413e-10	c8	AP005482.1
1.01166640254869e-14	0.557800262658565	0.233	0.177	3.70280019996846e-10	c8	SDF2L1
1.08656970048558e-14	0.406129712665701	0.332	0.272	3.97695376074726e-10	c8	BZW1
1.17250041340921e-14	1.67402067284311	0.029	0.011	4.29146876311905e-10	c8	TRDC
1.18974424310789e-14	1.39645047232015	0.056	0.028	4.35458290419917e-10	c8	CCDC28B
1.20970475047683e-14	0.440379308979856	0.33	0.272	4.42764035722025e-10	c8	AP2S1
1.50278373508687e-14	0.554758648283499	0.237	0.181	5.50033874879145e-10	c8	CASP1
2.39917960888831e-14	0.178351810956158	0.8	0.728	8.78123728649209e-10	c8	RPL27A
2.87221717259127e-14	0.45605169177521	0.201	0.146	1.05126020734013e-09	c8	REL
3.31643288367043e-14	0.565351008374275	0.254	0.2	1.21384759975222e-09	c8	FBXW5
3.38697371769806e-14	0.27083391821465	0.377	0.319	1.23966625041467e-09	c8	HSPA5
3.95531383577072e-14	3.1215829969176	0.02	0.006	1.44768441703044e-09	c8	PTGDS
4.81652086263985e-14	4.30119569621998	0.004	0	1.76289480093481e-09	c8	PODN
5.31442504035453e-14	0.906897373391296	0.102	0.063	1.94513270902016e-09	c8	PTRH1
7.03707299084927e-14	0.331049113414188	0.436	0.369	2.57563908538074e-09	c8	TYROBP
7.1361978700259e-14	0.942971240775558	0.09	0.054	2.61191978240818e-09	c8	TSPAN32
8.89857420922829e-14	0.282007006885457	0.507	0.451	3.25696714631965e-09	c8	HNRNPA3
9.669607967662e-14	0.279320013747217	0.507	0.448	3.53917321224397e-09	c8	GIMAP4
1.15051613502427e-13	0.600721262616886	0.203	0.151	4.21100410580231e-09	c8	AGTRAP
1.23548938612228e-13	0.438724026240685	0.348	0.295	4.52201470214615e-09	c8	UBE2V1
1.35211104661061e-13	0.620957333332951	0.107	0.067	4.9488616416995e-09	c8	AGTPBP1
1.48374871934396e-13	0.545562174683824	0.269	0.217	5.43066868767084e-09	c8	PTP4A2
1.50712366842717e-13	1.48264707081635	0.03	0.012	5.51622333881029e-09	c8	SMKR1
1.51778866122274e-13	0.753767566591298	0.044	0.02	5.55525827894135e-09	c8	MYO6
1.56402717016765e-13	0.20904982996308	0.651	0.589	5.72449584553063e-09	c8	CAPZB
1.64543359655326e-13	1.35444318564852	0.031	0.012	6.0224515067446e-09	c8	TMEM171
1.88185590019954e-13	0.325075640149824	0.446	0.388	6.88778078032034e-09	c8	SHISA5
1.89868667725867e-13	0.457147095818345	0.199	0.146	6.94938310743444e-09	c8	PTPN4
2.17316474047047e-13	0.79172257191604	0.147	0.103	7.95400026659597e-09	c8	MT1F
2.71930437819314e-13	0.756209822642028	0.133	0.09	9.95292595462469e-09	c8	RAB9A
3.34099285243719e-13	0.127543810310508	0.972	0.908	1.22283679392053e-08	c8	RPL23A
3.66737400864923e-13	1.90732538317953	0.018	0.006	1.34229556090571e-08	c8	CAPN3
4.27545945035171e-13	0.563243368490597	0.121	0.08	1.56486091342323e-08	c8	LYST
4.31752288600032e-13	1.77966134766969	0.018	0.005	1.58025655150498e-08	c8	AL450352.1
4.42288029425058e-13	0.215753463968205	0.564	0.509	1.61881841649866e-08	c8	CDC42
4.55845740970367e-13	0.495084208249176	0.19	0.139	1.66844099652564e-08	c8	STOM
6.18623294889397e-13	0.382199918088618	0.259	0.203	2.26422312162468e-08	c8	AKNA
7.85725642804574e-13	1.009798339837	0.053	0.027	2.87583442522902e-08	c8	NCALD
8.55010648923186e-13	0.297507076618575	0.45	0.396	3.12942447612375e-08	c8	TBC1D10C
9.45519943768517e-13	0.569939669112437	0.234	0.184	3.46069754618715e-08	c8	CYC1
1.10614849783901e-12	0.145678855490317	0.77	0.703	4.04861411694057e-08	c8	ZFP36L2
1.46629052954608e-12	0.289800890369051	0.492	0.441	5.36676996719159e-08	c8	PARK7
1.98372494389186e-12	0.777982824244381	0.12	0.08	7.26063166713861e-08	c8	LAIR1
1.98924165774147e-12	0.51107646074864	0.285	0.235	7.28082339149955e-08	c8	CARD16
2.22133856332262e-12	1.86137474994265	0.013	0.003	8.13032127561714e-08	c8	PROK2
2.5273055310087e-12	1.27320569974814	0.035	0.016	9.25019097404494e-08	c8	DBN1
2.65459731449209e-12	0.150517352994036	0.597	0.537	9.7160916307725e-08	c8	CTSD
2.98387753276972e-12	0.721504144460108	0.163	0.119	1.09212901576904e-07	c8	RPS6KA1
3.43748943566283e-12	1.14053034023604	0.053	0.028	1.25815550834695e-07	c8	UAP1
4.03490959048895e-12	0.166940987639435	0.679	0.628	1.47681725921486e-07	c8	DDX5
4.13385160534663e-12	1.28867197478151	0.051	0.026	1.51303102607292e-07	c8	LINC00944
4.26602397734849e-12	0.893240176135126	0.056	0.03	1.56140743594932e-07	c8	RHBDF2
5.17397080621506e-12	0.99456722155928	0.054	0.029	1.89372505478277e-07	c8	ITPRIP
5.75892790339023e-12	0.273456964466242	0.401	0.344	2.10782520191986e-07	c8	TERF2IP
6.11519765010098e-12	0.387461064037872	0.24	0.189	2.23822349191346e-07	c8	UTRN
6.26145119415111e-12	0.829798204196151	0.097	0.062	2.29175375157125e-07	c8	TRGV10
1.08371544929672e-11	0.282042170133368	0.443	0.39	3.96650691597093e-07	c8	COPE
1.21684581750659e-11	1.71057818030384	0.015	0.004	4.45377737665586e-07	c8	AL158071.3
1.22390602884524e-11	1.88238175199308	0.011	0.003	4.47961845617645e-07	c8	CERCAM
1.88871459602646e-11	0.578498243990511	0.099	0.064	6.91288429291646e-07	c8	ADIPOR2
2.02606801661054e-11	0.357268328993088	0.292	0.241	7.41561154759625e-07	c8	MFSD10
2.37845448047017e-11	1.09330017279268	0.055	0.03	8.70538124396887e-07	c8	AC004865.2
2.41413173434515e-11	0.513120220393115	0.234	0.187	8.83596356087668e-07	c8	FKBP11
2.44292789068704e-11	0.211522263145267	0.579	0.532	8.94136037270363e-07	c8	HCLS1
2.62811018152004e-11	0.1453651698586	0.457	0.377	9.61914607538149e-07	c8	GZMK
3.05518611787794e-11	0.443138340954338	0.218	0.17	1.1182286710045e-06	c8	STK38
3.30787070825531e-11	0.232976291725286	0.522	0.474	1.21071375792853e-06	c8	LAT
3.5773443686371e-11	0.223493435505159	0.524	0.474	1.30934381236487e-06	c8	COX8A
4.65040113453806e-11	0.518143841501154	0.242	0.196	1.70209331925228e-06	c8	POLR2G
5.09233709299505e-11	0.39275176287539	0.374	0.327	1.86384629940712e-06	c8	DNAJB1
5.37013946641318e-11	0.978565279930764	0.101	0.067	1.96552474610189e-06	c8	HOTAIRM1
5.3866309867521e-11	3.76035602966851	0.003	0	1.97156080746114e-06	c8	MYO3B
5.53401730462742e-11	0.643554323562548	0.092	0.058	2.02550567366668e-06	c8	MIR4435-2HG
5.70423077683902e-11	0.326107526957505	0.226	0.175	2.08780550663085e-06	c8	HLA-DMA
6.18695926156674e-11	0.556890103578403	0.127	0.088	2.26448895932604e-06	c8	ZBTB1
6.35839917033535e-11	0.747744426055513	0.103	0.068	2.32723768033444e-06	c8	KLHDC4
6.58332268571335e-11	2.05170952687731	0.014	0.004	2.40956193619794e-06	c8	EDDM13
6.77725091661602e-11	0.646610529461649	0.146	0.106	2.48054160799063e-06	c8	TENT5C
7.92391222648182e-11	0.445331887835981	0.257	0.21	2.90023111401461e-06	c8	VASP
8.45797193812746e-11	1.02760141525827	0.076	0.047	3.09570230907403e-06	c8	IL18BP
8.68833031315235e-11	1.18980584553741	0.064	0.037	3.18001577791689e-06	c8	TRGV3
9.60060633733921e-11	2.41381205455271	0.007	0.001	3.51391792552952e-06	c8	MLC1
9.71180820165804e-11	0.567860103316911	0.241	0.198	3.55461891988886e-06	c8	PDLIM2
9.8507798638544e-11	0.296408005073174	0.363	0.312	3.60548393796935e-06	c8	YWHAQ
1.08494503743626e-10	0.263328464038679	0.38	0.328	3.97100733152044e-06	c8	TAPBP
1.1067090572538e-10	0.312715192866909	0.394	0.347	4.05066582045462e-06	c8	RALY
1.23012363804665e-10	0.193877367500417	0.532	0.487	4.50237552761454e-06	c8	CD53
1.26238829063052e-10	1.32549949821467	0.018	0.006	4.62046738253678e-06	c8	PPM1L
1.48777871615306e-10	0.766047685527859	0.061	0.035	5.44541887899181e-06	c8	E2F3
1.49103947876601e-10	0.327116962935056	0.353	0.303	5.45735359623148e-06	c8	MTPN
1.61128792049471e-10	1.20374715973507	0.027	0.012	5.8974749178027e-06	c8	RASGEF1A
1.74528482306346e-10	0.580291266218058	0.184	0.141	6.38791698089456e-06	c8	GPR65
1.7503274399722e-10	0.226681680996145	0.559	0.505	6.40637346304224e-06	c8	GYPC
1.97286218090803e-10	3.29942985719734	0.004	0	7.22087286834147e-06	c8	RBFOX3
2.12158821489379e-10	0.126005951632236	0.811	0.76	7.76522502533277e-06	c8	YWHAB
3.03143560407242e-10	0.473424849987933	0.251	0.207	1.10953574544655e-05	c8	DECR1
3.30704140558881e-10	2.20294867024551	0.009	0.002	1.21041022485956e-05	c8	SLC1A7
3.9387891993543e-10	1.84793001866587	0.015	0.005	1.44163623485567e-05	c8	UTS2
3.95838292375336e-10	0.565022836899045	0.156	0.117	1.44880773392297e-05	c8	GPAA1
4.18812121298669e-10	0.834735464146016	0.099	0.067	1.53289424516526e-05	c8	TOR2A
5.10600210288101e-10	0.820759552696684	0.093	0.062	1.86884782967548e-05	c8	GEMIN7
5.12958907408628e-10	0.843780813258584	0.057	0.033	1.87748089700632e-05	c8	RHOB
5.658975129652e-10	0.247233158589268	0.444	0.401	2.07124148720393e-05	c8	WDR83OS
5.99746865531615e-10	1.30790964583593	0.018	0.006	2.19513350253226e-05	c8	SCD5
6.42254659345048e-10	0.321589230030033	0.228	0.181	2.35071627866881e-05	c8	APOBEC3C
6.54226685646507e-10	1.75595604690298	0.008	0.002	2.39453509213478e-05	c8	CXCR2
7.8480255658536e-10	0.291093345777119	0.16	0.118	2.87245583735808e-05	c8	CBLB
1.0206885538439e-09	0.382115666657986	0.293	0.249	3.73582217592405e-05	c8	TGFB1
1.02414350133814e-09	0.605461395320615	0.17	0.131	3.74846762924772e-05	c8	PEPD
1.11375675299304e-09	0.445000638782383	0.142	0.103	4.07646109162983e-05	c8	PTMS
1.16006512242094e-09	1.71747257115847	0.01	0.003	4.24595435457288e-05	c8	NCAM1
1.49244136006076e-09	1.018904590247	0.031	0.015	5.46248462195837e-05	c8	SESN2
1.51885498931345e-09	0.427451262667349	0.094	0.062	5.55916114638615e-05	c8	ATP8A1
1.56647086517363e-09	0.18813607112273	0.572	0.53	5.73344001362201e-05	c8	DAZAP2
1.66252153642229e-09	0.474440781272838	0.091	0.06	6.08499507545922e-05	c8	TOX
1.71110947069129e-09	0.446621519167756	0.236	0.193	6.26283177367717e-05	c8	ITGB7
1.72858111290159e-09	2.33341377345919	0.008	0.002	6.32677973133112e-05	c8	LINC02086
1.79411810669277e-09	0.654525417474141	0.14	0.103	6.56665168230622e-05	c8	GLTP
1.85290789302551e-09	1.46525226265315	0.026	0.012	6.78182817926268e-05	c8	PYROXD2
1.90822164864779e-09	2.08705452872213	0.009	0.002	6.98428205621579e-05	c8	FCGR2B
2.11205609467243e-09	0.243522011359683	0.462	0.421	7.73033651211057e-05	c8	CAP1
2.33305549106992e-09	0.840463797418131	0.075	0.048	8.53921640286501e-05	c8	PMAIP1
2.38864926376541e-09	1.09149377949955	0.047	0.026	8.74269517030777e-05	c8	CD8B2
2.45195049813497e-09	0.781516739374092	0.047	0.026	8.97438401822379e-05	c8	TP53I11
2.60516255952198e-09	1.13232446757498	0.028	0.013	9.53515548410641e-05	c8	TRBV7-4
2.77158738684781e-09	0.77927928068971	0.048	0.027	0.000101442869946017	c8	YBX3
3.4381960171978e-09	1.807040466164	0.011	0.003	0.000125841412425457	c8	AL158071.4
3.4696486945966e-09	0.951402652318605	0.062	0.038	0.00012699261187093	c8	MTSS1
3.83980811690921e-09	0.261096411334877	0.383	0.34	0.000140540816886994	c8	WIPF1
3.99291318920231e-09	1.47129455356409	0.015	0.005	0.000146144615637994	c8	SETBP1
4.01019293192069e-09	0.180183045762318	0.502	0.456	0.000146777071501229	c8	SF3B2
4.32735246128588e-09	0.425224636180386	0.238	0.197	0.000158385427435525	c8	AKR1B1
4.44790698008212e-09	0.23068178804824	0.525	0.49	0.000162797843377986	c8	ICAM3
4.73572394529899e-09	0.170846650352716	0.596	0.551	0.000173332232121888	c8	EIF4A1
4.78655978082392e-09	0.70784555223335	0.051	0.029	0.000175192874537936	c8	SLC27A3
4.89160263004139e-09	1.49535827458195	0.017	0.006	0.000179037547862145	c8	AL590550.1
5.07279804235498e-09	0.383714579820062	0.282	0.239	0.000185669481148235	c8	GLRX
5.07315116082362e-09	0.66236191109083	0.126	0.092	0.000185682405637305	c8	PLEKHA1
5.08816248242937e-09	0.176114612631848	0.614	0.56	0.000186231835019397	c8	LIME1
5.17801444704461e-09	0.638457565556093	0.058	0.034	0.00018952050677628	c8	ENPP4
5.94788017777514e-09	0.301228592862427	0.378	0.338	0.000217698362386748	c8	BST2
6.60073530173837e-09	0.65214294856238	0.098	0.067	0.000241593512778926	c8	TESC
6.73959267578511e-09	0.334868461283809	0.338	0.296	0.000246675831526411	c8	POMP
6.97622031075423e-09	0.870237267745032	0.058	0.035	0.000255336639593915	c8	SLC25A4
7.17480033192766e-09	0.680009842682088	0.045	0.025	0.000262604866948884	c8	GK5
7.22260263661576e-09	0.667435442911938	0.104	0.073	0.000264354479102774	c8	AC022706.1
7.70879419182912e-09	0.349578402264705	0.312	0.27	0.000282149576215138	c8	P4HB
7.7702256379663e-09	1.33682498400476	0.029	0.014	0.000284398028575205	c8	SBK1
7.84474148816695e-09	0.451936672896993	0.247	0.208	0.000287125383208399	c8	CDC25B
8.06255694496173e-09	0.213270115236318	0.457	0.415	0.000295097646742544	c8	COX5A
8.87664686746735e-09	0.646464998160461	0.1	0.07	0.000324894151996173	c8	SLC25A20
8.94313880764851e-09	0.609287338380439	0.174	0.138	0.000327327823498743	c8	MT1X
9.05210780332089e-09	0.254259451169117	0.447	0.41	0.000331316197709348	c8	ATP5IF1
1.00531020578825e-08	0.531055824701245	0.174	0.137	0.000367953588420559	c8	CYB561D2
1.08972195853908e-08	0.441594118084546	0.242	0.201	0.000398849134044889	c8	IFI27L2
1.22714390189787e-08	2.14897513511443	0.005	0.001	0.000449146939533639	c8	CXCR1
1.24523875653845e-08	0.294226177891238	0.377	0.337	0.000455769837280637	c8	PGAM1
1.31520606754154e-08	0.227747759992686	0.41	0.366	0.000481378572780878	c8	PSMB3
1.34094766907932e-08	0.386392629743768	0.112	0.079	0.000490800256359723	c8	PECAM1
1.59780220439114e-08	0.266510783071246	0.284	0.239	0.0005848115848292	c8	CAPN2
1.63763468823232e-08	1.89217719094839	0.008	0.002	0.000599390672239911	c8	MIR181A2HG
1.65734174431175e-08	0.826115103238997	0.041	0.023	0.000606603651835544	c8	AGPAT4
1.75904469827722e-08	0.203921677621816	0.467	0.429	0.000643827950016445	c8	BCAP31
1.964071148965e-08	0.257974100966872	0.448	0.415	0.000718869681232681	c8	ATP5PB
1.98091912873855e-08	0.118833398023039	0.729	0.678	0.000725036210309597	c8	YBX1
2.00168063186168e-08	0.10657031266817	0.557	0.5	0.000732635128067692	c8	ANXA2
2.2869547179272e-08	1.30326268793321	0.014	0.005	0.000837048296308534	c8	VIPR2
2.50752210503954e-08	1.80341806174487	0.008	0.002	0.000917778165665521	c8	AL392086.3
2.5716735728254e-08	0.962496019389484	0.031	0.015	0.000941258244389825	c8	PAFAH2
2.6508467950795e-08	0.722995564371422	0.12	0.088	0.000970236435467047	c8	ZDHHC24
2.65537944974489e-08	0.751901587743287	0.084	0.057	0.000971895432401125	c8	HENMT1
2.69417523482329e-08	2.95094585852365	0.003	0	0.000986095077697671	c8	LIM2
2.85076580143727e-08	0.168124109633997	0.629	0.581	0.00104340879098405	c8	TSC22D3
3.00937009222433e-08	1.26003103429155	0.014	0.005	0.00110145954745503	c8	SLC4A4
3.31292078082643e-08	0.161639935983082	0.508	0.467	0.00121256213499028	c8	ARPC5
3.31856335895254e-08	1.71535271690237	0.013	0.004	0.00121462737501022	c8	CTBP2
3.43774871840976e-08	0.372664349617042	0.327	0.294	0.00125825040842516	c8	SRSF3
3.46276680857679e-08	0.152958048767532	0.637	0.594	0.00126740727960719	c8	UQCR11
3.50093195427316e-08	0.450223012203833	0.22	0.183	0.00128137610458352	c8	ARIH2
3.63165383118849e-08	0.796267279845742	0.064	0.041	0.0013292216187533	c8	ZNF335
4.20422561395003e-08	0.177471392792766	0.477	0.435	0.00153878861696185	c8	ARHGDIA
4.40933630739021e-08	0.440714890896087	0.111	0.079	0.00161386118186789	c8	PTPRE
4.88284051674493e-08	0.160419410057494	0.52	0.484	0.00178716845753381	c8	ARF1
4.93157008211183e-08	0.328243103558447	0.345	0.308	0.00180500396575375	c8	UBE2L3
5.77431221527665e-08	0.229370253756759	0.455	0.421	0.00211345601391341	c8	BRK1
5.92457061104508e-08	0.531226379505552	0.156	0.122	0.00216845208934861	c8	DGKZ
6.86036322089583e-08	0.502713396804494	0.156	0.121	0.00251096154248008	c8	RAB4B
7.63308955007947e-08	0.28606444721932	0.41	0.377	0.00279378710622459	c8	JTB
7.69218136268076e-08	0.284372679299684	0.25	0.209	0.00281541530055479	c8	STK10
7.74640283374065e-08	0.728304573126178	0.079	0.053	0.00283526090117742	c8	VPS37B
8.16889704438686e-08	5.15128843725343	0.002	0	0.00298989800721603	c8	GATA6-AS1
8.47786793087238e-08	0.339694621193364	0.256	0.218	0.0031029844413786	c8	HERPUD1
9.61078110087593e-08	0.792230121707605	0.102	0.074	0.0035176419907316	c8	MAP2K3
9.6499118124764e-08	0.272936491027176	0.374	0.337	0.00353196422248449	c8	FKBP8
1.00270794135243e-07	1.00673937994514	0.034	0.018	0.00367001133614402	c8	AKR1C3
1.12150292090445e-07	0.740399124940296	0.057	0.036	0.00410481284080237	c8	NR4A2
1.16246368058747e-07	1.43263055839545	0.02	0.009	0.0042547333173182	c8	DGKQ
1.16556574152467e-07	0.416555295918029	0.183	0.147	0.00426608717055444	c8	ATP1B3
1.27216890620466e-07	1.96883057927651	0.006	0.001	0.00465626541359967	c8	ZEB2-AS1
1.32796418303307e-07	1.28739265697483	0.014	0.005	0.00486048170631935	c8	ENPP5
1.36832589180949e-07	0.252923565115514	0.381	0.343	0.0050082095966119	c8	PSMA6
1.40307426253306e-07	1.25859629712982	0.01	0.003	0.00513539210829725	c8	AC009495.3
1.54791574218202e-07	0.131634122178606	0.592	0.552	0.0056655264079604	c8	NDUFA13
1.61397814563827e-07	0.508907663458335	0.195	0.16	0.00590732141085064	c8	NAXE
1.68764284483392e-07	0.314166923456437	0.349	0.314	0.00617694157637661	c8	UQCRFS1
1.72822451652847e-07	0.58359492863269	0.067	0.044	0.00632547455294585	c8	CEMIP2
1.73721927415423e-07	0.229531074028036	0.448	0.416	0.00635839626533189	c8	SELENOW
1.75861025942814e-07	2.75728439321259	0.005	0.001	0.00643668941053292	c8	IL12A
1.83198697279653e-07	1.14627794346556	0.047	0.029	0.00670525551913258	c8	SSBP3
1.84269988039178e-07	0.389105986640218	0.237	0.201	0.00674446583222196	c8	RAB5IF
2.00006659571017e-07	2.18880515670912	0.006	0.002	0.00732044374695878	c8	DLG5
2.01986847058047e-07	0.869842225760628	0.018	0.007	0.00739292058917158	c8	GAS7
2.11808684958034e-07	0.538256868578667	0.202	0.169	0.00775240967814899	c8	GET3
2.13713353949445e-07	0.202066483390526	0.222	0.181	0.00782212246790363	c8	TNFRSF1B
2.19558288809807e-07	1.17591429895974	0.018	0.007	0.00803605292872775	c8	KIR3DL2
2.32108127047186e-07	0.10523946172154	0.37	0.32	0.00849538955805407	c8	CST3
2.3262649401954e-07	0.532672261263362	0.139	0.108	0.00851436230760919	c8	NMRAL1
2.3395883834623e-07	0.218298472233081	0.488	0.456	0.00856312744231036	c8	UQCR10
2.3994868645731e-07	0.725500697724671	0.05	0.03	0.00878236187302399	c8	IFIT2
2.42087193836747e-07	1.05467514313764	0.043	0.025	0.00886063338161879	c8	LINC002481
2.44267311516748e-07	2.87161889888252	0.003	0	0.00894042786882449	c8	LRRC43
2.46334874102793e-07	0.365497836613168	0.287	0.252	0.00901610272703632	c8	RGS19
2.53832985023328e-07	1.08400807047397	0.023	0.011	0.00929054108483883	c8	CXXC5
2.61703983356854e-07	1.44880558042901	0.021	0.01	0.0095786274948442	c8	RHEBL1
2.68009584867112e-07	0.469077938944169	0.184	0.15	0.00980941881572118	c8	VTI1B
2.70298971877425e-07	0.677591719873674	0.105	0.077	0.00989321266968563	c8	NFKBIB
2.76204187787025e-07	1.08599291461089	0.032	0.017	0.0101093494771929	c8	RAB27B
2.92001640456434e-07	0.192810140927313	0.55	0.517	0.0106875520423459	c8	COX5B
3.00784156011464e-07	0.724354827133821	0.056	0.036	0.0110090008941756	c8	RCN1
3.09445074294985e-07	3.37342845020598	0.003	0	0.0113259991642708	c8	HOXC5
3.16272823457417e-07	0.449681786474414	0.205	0.171	0.0115759016113649	c8	SRSF9
3.23057751711589e-07	0.129364950614339	0.679	0.619	0.0118242367703959	c8	LIMD2
3.3504052794247e-07	0.331158238317109	0.278	0.244	0.0122628183632224	c8	ZNF428
3.35250193183206e-07	0.646204354349798	0.114	0.085	0.0122704923206985	c8	NABP2
3.4210346968637e-07	0.564264370421709	0.116	0.087	0.0125213290939908	c8	CD81
3.82021378427314e-07	0.434927396814441	0.11	0.08	0.0139823644718181	c8	CES1
4.11113607209569e-07	2.70121994428553	0.004	0.001	0.0150471691374774	c8	COPZ2
4.28921979586276e-07	1.13484143910549	0.026	0.014	0.0156989733748373	c8	IGFBP3
4.45628799612726e-07	1.22613959816463	0.027	0.014	0.0163104596946254	c8	ZSCAN2
4.46734065595282e-07	0.931893865349764	0.025	0.013	0.0163509135348529	c8	SLC15A4
4.7090783536877e-07	0.216765735551094	0.43	0.396	0.0172356976823323	c8	RHOG
5.09713571654897e-07	0.768230762955169	0.062	0.041	0.0186560264361409	c8	SH3BP2
5.47395763473338e-07	0.623451031360811	0.092	0.066	0.0200352323388877	c8	C1orf174
5.78040907881974e-07	0.207824871116944	0.398	0.361	0.0211568752693881	c8	BLOC1S1
5.87561520038107e-07	0.527926082568581	0.158	0.127	0.0215053391949148	c8	EHD1
6.31017578624224e-07	0.222034346074683	0.399	0.367	0.0230958743952252	c8	SCAND1
6.32882184913411e-07	1.65033777714687	0.012	0.005	0.0231641208500158	c8	FADS2
6.56511212360984e-07	1.6495717052779	0.009	0.003	0.0240289668836244	c8	TMCC3
6.59265396807945e-07	0.304248999261474	0.33	0.298	0.0241297727885676	c8	RAB5C
6.61173608783732e-07	0.17550670585408	0.468	0.438	0.0241996152550934	c8	TMEM59
6.63027850886769e-07	0.429069621496017	0.045	0.027	0.0242674823703066	c8	KLRC1
6.79364130642067e-07	0.828734787103722	0.026	0.013	0.0248654065456303	c8	GALNT3
7.24626127317088e-07	0.480823351838058	0.109	0.081	0.0265220408859327	c8	B4GALT1
7.2520103430006e-07	2.02127364344752	0.008	0.002	0.0265430830564165	c8	RHOBTB3
7.45989612270383e-07	0.709335195121667	0.064	0.042	0.0273039657987083	c8	BAZ2B
7.55254498962877e-07	0.936689178914434	0.037	0.021	0.0276430699165403	c8	VNN2
8.02052668125176e-07	0.289653115363106	0.356	0.323	0.0293559297060496	c8	UBE2L6
8.30362783085929e-07	0.413086670339903	0.071	0.048	0.0303921082237281	c8	SYT11
1.0076035861419e-06	0.426134568107902	0.197	0.165	0.0368792988563797	c8	HPS1
1.07756240044846e-06	2.79620133434648	0.006	0.001	0.0394398614188139	c8	AC017104.1
1.09901518272577e-06	0.770417362426612	0.042	0.025	0.0402250547029457	c8	SNX18
1.13185191692062e-06	2.21003502418545	0.009	0.003	0.0414269120112115	c8	TRBV16
1.16773570269401e-06	1.83759856904882	0.009	0.003	0.0427402944543036	c8	CFAP58-DT
1.19263543993285e-06	0.266527044543734	0.263	0.227	0.0436516497369824	c8	SELENOT
1.19605392381867e-06	0.229428982230786	0.157	0.123	0.0437767696656873	c8	IL2RB
1.20331122289118e-06	3.97896427154582	0.002	0	0.0440423940690402	c8	AC005534.1
1.20481509359393e-06	1.32818731252453	0.009	0.003	0.0440974372406315	c8	TM4SF19
1.21797818663613e-06	0.106429763843953	0.67	0.628	0.0445792196090689	c8	SUMO2
1.23238420786435e-06	6.214674803757	0.001	0	0.0451064943920432	c8	FAM131C
1.23238420786435e-06	6.8963653581114	0.001	0	0.0451064943920432	c8	FGF14
1.2678080817415e-06	0.427631714057104	0.134	0.104	0.0464030435998206	c8	NFATC3
1.27198987884397e-06	1.66287037545315	0.005	0.001	0.046556101555568	c8	AC006033.2
1.31231546374563e-06	0.379294256091116	0.228	0.194	0.0480320582885539	c8	ITGB1BP1
