p_val	avg_log2FC	pct.1	pct.2	p_val_adj	cluster	gene
0	1.35248943516083	0.998	0.998	0	c12	MT-CO1
7.15538418338386e-295	1.25148832682476	0.993	0.998	2.61894216496033e-290	c12	MT-CO2
5.55341476086893e-243	1.23027832291361	0.984	0.994	2.03260533662564e-238	c12	MT-CO3
2.30254473097054e-241	1.40506190406795	0.997	0.997	8.42754396982529e-237	c12	MALAT1
3.10208249586233e-190	1.10095010551338	0.978	0.993	1.13539321431057e-185	c12	MT-CYB
2.60377775756089e-185	2.00775199659333	0.792	0.752	9.53008697044863e-181	c12	PTPRC
7.12714960811552e-126	1.68658037181779	0.84	0.831	2.60860802806636e-121	c12	MTRNR2L12
3.22019877263183e-123	0.992853874158916	0.944	0.964	1.17862495277098e-118	c12	MT-ATP6
2.48463951486663e-116	1.13086201978635	0.824	0.855	9.09402908836334e-112	c12	MT-ND5
6.57177228508265e-106	0.812812522921213	0.814	0.521	2.4053343740631e-101	c12	NKG7
1.14879984451682e-94	1.01596375706759	0.861	0.906	4.20472231091602e-90	c12	MT-ND3
1.29249231332576e-83	2.95357037957017	0.233	0.085	4.73065111600363e-79	c12	ZEB2
1.83736509390327e-78	1.28485811172453	0.649	0.534	6.72493998019535e-74	c12	CTSW
1.06780577566934e-77	0.892988610338707	0.863	0.916	3.90827591952734e-73	c12	MT-ND4L
2.70279700433506e-72	0.845642190540898	0.86	0.931	9.89250731556675e-68	c12	MT-ND1
1.44890631582467e-70	1.25190045141361	0.449	0.242	5.30314200654986e-66	c12	GNLY
5.64640897869276e-68	2.09084934231887	0.489	0.383	2.06664215029134e-63	c12	SYNE2
1.42150593872263e-65	2.46612348964384	0.351	0.205	5.2028538863187e-61	c12	SYNE1
2.56703903890707e-62	0.675616498208601	0.908	0.961	9.39561958630376e-58	c12	CD74
1.0748909509226e-58	0.820893703380127	0.821	0.891	3.93420836947181e-54	c12	MT-ND4
1.28624423484401e-58	2.94032489487753	0.174	0.064	4.70778252395256e-54	c12	CX3CR1
2.84963902591061e-57	0.511551988106894	0.865	0.657	1.04299637987354e-52	c12	CCL5
1.28426559393163e-48	0.649133552667423	0.836	0.918	4.70054050034915e-44	c12	HLA-E
6.52893309277437e-43	1.06522046540063	0.513	0.378	2.38965480128635e-38	c12	GZMH
1.34182057150782e-42	0.44343412512739	0.985	0.997	4.91119747377578e-38	c12	HLA-B
3.56227296848685e-42	1.79393297001997	0.383	0.28	1.30382752919587e-37	c12	KLRK1
3.73379172084092e-40	1.58753449406007	0.483	0.445	1.36660510774498e-35	c12	RNF213
1.49271172572969e-38	2.71327188911437	0.181	0.086	5.46347418734324e-34	c12	TGFBR3
2.45553471344642e-38	1.03642420201112	0.591	0.634	8.98750260468526e-34	c12	DDX5
2.67846965617311e-36	0.414744675999804	0.967	0.991	9.80346678855919e-32	c12	HLA-A
5.98762863897859e-36	0.404025386902085	0.961	0.993	2.19153195815255e-31	c12	HLA-C
5.63498227027372e-35	1.90937570386571	0.234	0.13	2.06245986074289e-30	c12	FGFBP2
1.01410583063511e-33	1.60273733025768	0.414	0.347	3.71172875070757e-29	c12	ITGA4
3.17315828252216e-33	0.716665312762995	0.768	0.853	1.16140766298594e-28	c12	MT-ND2
5.4012480965871e-33	1.90045809053137	0.269	0.169	1.97691081583185e-28	c12	KLRD1
1.07776625400477e-32	2.16031590416221	0.305	0.214	3.94473226628286e-28	c12	MACF1
2.2028486834753e-31	0.84888981989429	0.613	0.549	8.06264646638796e-27	c12	GZMA
3.00390666149085e-31	1.08764467740279	0.53	0.525	1.09945987717227e-26	c12	AHNAK
3.51095875630016e-30	1.73794665503835	0.341	0.256	1.28504601439342e-25	c12	PRF1
1.05226250130752e-29	3.83793994320387	0.047	0.011	3.85138598103566e-25	c12	A2M-AS1
3.74780264279829e-29	0.102487413735149	0.15	0.354	1.3717332452906e-24	c12	SNX6
7.71894527822354e-29	1.62484272258887	0.336	0.25	2.8252111612826e-24	c12	PLEK
7.82194937347743e-29	0.10939859717591	0.212	0.462	2.86291169018647e-24	c12	SEPTIN6
1.29418646731881e-28	2.38372913973307	0.163	0.082	4.73685188903359e-24	c12	AOAH
1.99593024788107e-28	0.155201065866399	0.148	0.351	7.30530430026951e-24	c12	XRCC6
2.40863723498451e-28	0.15686987418036	0.145	0.344	8.81585314376679e-24	c12	TMBIM4
5.77117429262486e-28	1.67793901010197	0.344	0.27	2.11230750284363e-23	c12	KLRG1
7.20271911804456e-28	0.139385093915392	0.134	0.324	2.63626722439549e-23	c12	NDFIP1
1.25695609860475e-27	0.127277928812761	0.157	0.362	4.60058501650325e-23	c12	TECR
4.77422643727573e-27	0.125898300998894	0.207	0.446	1.74741461830729e-22	c12	MORF4L1
5.37639642827141e-27	0.156617084989408	0.203	0.441	1.96781485671162e-22	c12	BCAP31
5.70959253062598e-27	0.140018995540748	0.13	0.314	2.08976796213442e-22	c12	PSIP1
4.24449539796415e-26	0.136997116313293	0.213	0.451	1.55352776060886e-21	c12	TMEM59
5.66508874749976e-26	0.160654652191988	0.135	0.319	2.07347913247239e-21	c12	OTUB1
7.12021213232197e-26	0.181028102350013	0.206	0.442	2.60606884255117e-21	c12	UBE2D3
7.76968073657122e-26	0.14008765080128	0.161	0.361	2.84378084639243e-21	c12	TUFM
1.06191783355823e-25	0.158402966403955	0.122	0.295	3.88672546260649e-21	c12	SELENOF
2.17915843641688e-25	0.120477983335214	0.207	0.437	7.97593779312944e-21	c12	MTDH
1.01503546982951e-24	0.145603969612031	0.109	0.27	3.71513132312298e-20	c12	CCT4
3.20198524048257e-24	0.154207439500211	0.14	0.319	1.17195861786903e-19	c12	SET
3.37111364637522e-24	0.102042806736592	0.226	0.463	1.2338613057098e-19	c12	GIMAP4
3.83482414583791e-24	2.77041230179734	0.076	0.027	1.40358398561813e-19	c12	DTHD1
1.09509536993766e-23	0.10532770444401	0.115	0.273	4.00815856350883e-19	c12	RAB7A
1.46140573080608e-23	0.187588450269574	0.118	0.28	5.34889111532334e-19	c12	VAPA
1.8128779624072e-23	0.256381268343644	0.14	0.315	6.6353146302066e-19	c12	OPTN
2.18226383938207e-23	0.130872989838361	0.14	0.314	7.98730387852233e-19	c12	MTPN
2.99607205135311e-23	0.164462050926652	0.1	0.248	1.09659233151575e-18	c12	MAT2B
3.56605563304553e-23	0.127268727611449	0.115	0.272	1.30521202225099e-18	c12	SNRPA
4.50425274610069e-23	0.196998263082815	0.174	0.368	1.64860154760031e-18	c12	DHRS7
2.80868509205731e-22	0.34420808081106	0.185	0.39	1.0280068305439e-17	c12	XRCC5
3.31441751610214e-22	0.113918671582602	0.081	0.213	1.21310995506854e-17	c12	PSMG2
3.44795676688921e-22	0.104133240572963	0.071	0.197	1.26198665624912e-17	c12	VPS51
5.9503494703164e-22	0.105599098615707	0.105	0.251	2.17788740963051e-17	c12	NAPA
6.63427461543716e-22	0.142350146114871	0.11	0.259	2.42821085199615e-17	c12	TGFB1
7.0252812134413e-22	0.204439380124708	0.125	0.283	2.57132317693165e-17	c12	RHOH
1.3469241554535e-21	0.186804885531821	0.144	0.312	4.92987710137536e-17	c12	EIF5
1.89225755500929e-21	0.215452930200294	0.182	0.377	6.92585187708949e-17	c12	RAP1B
2.42427744520118e-21	1.46766433659191	0.435	0.45	8.87309787718086e-17	c12	PDIA3
3.8895202427848e-21	0.138145450896222	0.115	0.264	1.42360330406166e-16	c12	KLF2
4.53571962752875e-21	0.338112498019794	0.128	0.285	1.6601187408718e-16	c12	HNRNPM
6.43145820313926e-21	0.267353917089721	0.121	0.273	2.353978016931e-16	c12	DDX18
6.97161852841855e-21	0.198830812699146	0.085	0.214	2.55168209758647e-16	c12	PDCD10
7.12365743796279e-21	0.24127954994684	0.111	0.257	2.60732985886876e-16	c12	EIF5B
7.70604780132095e-21	0.194657389074142	0.086	0.216	2.82049055576148e-16	c12	NUCB2
7.84053095514663e-21	0.575726698581801	0.958	0.995	2.86971273489322e-16	c12	FTL
8.12798350078299e-21	1.15550428795811	0.522	0.592	2.97492324112158e-16	c12	LCP1
8.57457258234253e-21	0.10027625197138	0.079	0.204	3.13837931086319e-16	c12	RER1
9.84593406592237e-21	2.71232791405883	0.12	0.06	3.60371032746825e-16	c12	CEP78
1.02484314298101e-20	0.145308206280849	0.102	0.241	3.7510283876248e-16	c12	NONO
1.08876620891885e-20	0.26510838470248	0.091	0.224	3.98499320126389e-16	c12	PIK3IP1
1.47695981533647e-20	0.140568445240183	0.114	0.258	5.40582062011301e-16	c12	STXBP2
2.21563082258041e-20	0.1929890051276	0.086	0.213	8.10943037372654e-16	c12	ENY2
2.89114810273752e-20	0.153425305766234	0.229	0.447	1.05818911708296e-15	c12	ACTR3
3.15750263581776e-20	0.426669724026982	0.132	0.29	1.15567753973566e-15	c12	OCIAD1
4.65197285954648e-20	0.358461587299129	0.144	0.307	1.70266858632261e-15	c12	SYF2
5.16559392573639e-20	0.297458471684502	0.158	0.331	1.89065903275878e-15	c12	SP100
6.74384798756826e-20	0.268015748865153	0.118	0.264	2.46831580192986e-15	c12	IL16
8.12795802734658e-20	0.153938567001092	0.091	0.218	2.97491391758912e-15	c12	VASP
9.62762958537665e-20	0.241653023542047	0.238	0.461	3.52380870454371e-15	c12	CXCR4
1.06263245832006e-19	0.198008199529501	0.115	0.258	3.88934106069725e-15	c12	TMOD3
1.43283983156382e-19	2.45445591484013	0.14	0.078	5.24433706750675e-15	c12	PARP15
1.44456442073865e-19	0.309085435953453	0.102	0.237	5.28725023634552e-15	c12	HDAC1
1.87135157545952e-19	0.207464684635979	0.235	0.456	6.8493339013394e-15	c12	HNRNPK
1.93150430458367e-19	0.149082351105424	0.071	0.186	7.06949890520671e-15	c12	NUB1
1.97564686580237e-19	0.24797681704973	0.067	0.179	7.23106509352326e-15	c12	MAPK1IP1L
2.60796300724612e-19	0.23321357265128	0.106	0.242	9.54540540282152e-15	c12	MYDGF
3.72362990554228e-19	0.236194961919599	0.099	0.229	1.36288578172753e-14	c12	RAB14
3.97024547355884e-19	0.249211314887442	0.209	0.411	1.45314954577727e-14	c12	TMEM50A
4.09255180815029e-19	0.415493617881885	0.135	0.289	1.49791488730109e-14	c12	PARP1
4.45405327857699e-19	0.194242650134666	0.091	0.215	1.63022804049196e-14	c12	FERMT3
5.02327885201862e-19	0.354435861269155	0.113	0.252	1.83857029262733e-14	c12	SP110
6.27900764725424e-19	0.24730494463315	0.072	0.186	2.29817958897152e-14	c12	GRSF1
6.38496458214358e-19	0.137574402706306	0.079	0.196	2.33696088671037e-14	c12	TRABD
7.81809551447107e-19	0.20032100806938	0.072	0.185	2.86150113925156e-14	c12	SDHD
8.63506102097086e-19	0.179501451372453	0.066	0.175	3.16051868428555e-14	c12	DNAJC15
9.49383232229383e-19	0.361435010366346	0.138	0.29	3.47483756828277e-14	c12	IK
1.04406443850905e-18	0.294987161951697	0.105	0.237	3.82138025138699e-14	c12	EAPP
1.10633506949153e-18	0.273668675724904	0.119	0.259	4.04929698784594e-14	c12	TAF7
1.74216545201339e-18	0.14066566785687	0.075	0.187	6.37649977091422e-14	c12	CALCOCO2
1.74466612820747e-18	0.239107635161717	0.102	0.231	6.38565249585215e-14	c12	CCDC12
1.91147989004291e-18	0.243625385237331	0.097	0.224	6.99620754554607e-14	c12	TES
1.94260064376642e-18	0.200170012990352	0.153	0.309	7.11011261624948e-14	c12	CTSB
1.98819623576948e-18	2.68006972260511	0.12	0.063	7.27699704253988e-14	c12	VCL
2.62556013653825e-18	0.125967351132607	0.059	0.161	9.60981265574363e-14	c12	SIRPG
2.70165059553573e-18	0.240508294130268	0.091	0.21	9.88831134472034e-14	c12	PLIN2
3.19092988945896e-18	0.116782451248815	0.086	0.203	1.16791224884088e-13	c12	MIER1
3.27707294062295e-18	0.251333808020083	0.1	0.226	1.1994414669974e-13	c12	LSM8
3.64644485672099e-18	0.172741098959424	0.07	0.178	1.33463528200845e-13	c12	ARL5A
3.80272378161735e-18	0.126580121499406	0.055	0.154	1.39183493130977e-13	c12	MED4
3.9729282145525e-18	0.261734688683581	0.1	0.227	1.45413145580836e-13	c12	PTP4A2
4.00077274810534e-18	0.288012221235217	0.179	0.355	1.46432283353404e-13	c12	SIGIRR
4.42131936783507e-18	0.372835606332394	0.136	0.286	1.61824710182131e-13	c12	AUP1
4.66698702488065e-18	0.180018257454391	0.073	0.183	1.70816392097657e-13	c12	RBMX
5.1010157688559e-18	0.162202485968125	0.069	0.176	1.86702278155895e-13	c12	AATF
5.80563365026231e-18	0.284703747877023	0.108	0.238	2.12491997233251e-13	c12	CD5
6.6274448560524e-18	0.292485317336278	0.081	0.195	2.42571109176374e-13	c12	GOLGA7
7.04279794637123e-18	0.283947896142203	0.089	0.208	2.57773447635134e-13	c12	MESD
7.08073868307603e-18	0.17005680180334	0.077	0.188	2.59162116539266e-13	c12	UPF3A
7.11732117067824e-18	0.242062229651404	0.094	0.215	2.60501072167994e-13	c12	ARHGAP45
7.45337200688739e-18	0.275269429327223	0.075	0.185	2.72800868824086e-13	c12	SHFL
7.50349679938886e-18	0.318760699064074	0.142	0.295	2.74635486354432e-13	c12	RCSD1
9.55745061552845e-18	0.426031769319159	0.119	0.256	3.49812249978957e-13	c12	XRN2
1.05888921132696e-17	0.154867379508096	0.056	0.155	3.87564040237781e-13	c12	MRPL4
1.06846932746172e-17	0.169673919062649	0.292	0.546	3.91070458544263e-13	c12	HCLS1
1.12289845576533e-17	0.319523545467687	0.127	0.268	4.10992063794669e-13	c12	M6PR
1.16292371163909e-17	0.255866999335847	0.081	0.194	4.25641707697024e-13	c12	MFF
1.23533315790366e-17	0.144551535857073	0.061	0.162	4.52144289124318e-13	c12	NAAA
1.23616965691749e-17	0.224537214787172	0.071	0.178	4.52450456128369e-13	c12	RNASEH2B
1.67860809358758e-17	0.380927492737429	0.17	0.34	6.14387348333989e-13	c12	CSDE1
1.96597588246466e-17	0.262935659757319	0.091	0.21	7.1956683274089e-13	c12	TMEM35B
2.11151606130875e-17	0.323103368635842	0.177	0.349	7.72835993599615e-13	c12	SPCS2
2.11642824672229e-17	0.185461913524001	0.058	0.156	7.74633902582825e-13	c12	TRAPPC3
2.13409978919991e-17	0.262637431888244	0.08	0.191	7.8110186384506e-13	c12	CRBN
2.20570538266873e-17	0.268550656208997	0.168	0.33	8.0731022711058e-13	c12	PBXIP1
2.23656867112944e-17	0.326047916626256	0.081	0.192	8.18606499320088e-13	c12	PPHLN1
2.47487905628167e-17	0.191029146111018	0.103	0.227	9.05830483389656e-13	c12	RPN1
2.62801827430033e-17	0.402478719294957	0.15	0.303	9.61880968576664e-13	c12	ARHGAP15
2.64978402427416e-17	0.389317140459939	0.135	0.279	9.69847450724586e-13	c12	OSBPL8
3.08145632042846e-17	0.283222708668139	0.128	0.267	1.12784382784002e-12	c12	PDCD4
3.33097839304175e-17	0.100858734564321	0.06	0.158	1.21917140163721e-12	c12	MGMT
3.41437731839362e-17	0.405828418492543	0.171	0.34	1.24969624230525e-12	c12	DPP7
3.52867083922589e-17	0.392738171504735	0.099	0.22	1.29152881386507e-12	c12	DNMT1
3.57298381670705e-17	0.362831525593694	0.142	0.29	1.30774780675295e-12	c12	PPM1G
3.69750907355917e-17	0.397084774380315	0.091	0.209	1.35332529601339e-12	c12	RAB5IF
4.02640002563909e-17	0.153529229568503	0.047	0.138	1.47370267338416e-12	c12	AAMP
4.11331065300406e-17	0.308436370164504	0.086	0.199	1.50551283210602e-12	c12	PRPF6
4.22581631630683e-17	0.184731528985147	0.229	0.432	1.54669102993146e-12	c12	CAP1
4.88775427010025e-17	0.215268494542576	0.109	0.234	1.78896694039939e-12	c12	SELENOT
4.90733916770782e-17	0.253884023343055	0.066	0.167	1.79613520877274e-12	c12	NDUFA10
5.53209722513744e-17	0.285540429092128	0.123	0.258	2.02480290537255e-12	c12	PAPOLA
6.45329607409717e-17	0.347241951738291	0.096	0.215	2.36197089608031e-12	c12	SMARCE1
6.74073993448212e-17	0.241317242904941	0.085	0.197	2.4671782234198e-12	c12	TMEM243
7.77573803417827e-17	0.314504949415007	0.213	0.408	2.84599787788959e-12	c12	TBC1D10C
7.90283798943613e-17	0.380790451932846	0.17	0.335	2.89251773251352e-12	c12	SQSTM1
8.1353005848494e-17	0.114573598237748	0.05	0.141	2.97760136706073e-12	c12	UBE2E3
1.14926644965148e-16	0.398045976533601	0.119	0.25	4.20643013236938e-12	c12	RBM17
1.16101552437731e-16	0.112090746706964	0.107	0.228	4.2494329207734e-12	c12	LYAR
1.56234783779321e-16	2.04280258493305	0.222	0.162	5.71834932110694e-12	c12	CASP8
1.81941078499342e-16	0.198265606668163	0.059	0.154	6.65922541415442e-12	c12	FNTA
2.02865158778628e-16	0.154055988731312	0.061	0.158	7.42506767645657e-12	c12	NUDT21
2.29089469771715e-16	0.155518402751093	0.056	0.15	8.38490368311456e-12	c12	NR1H2
2.33761679277101e-16	0.223593145726745	0.081	0.189	8.55591122322116e-12	c12	SDAD1
2.50247617105317e-16	0.153502570386176	0.07	0.17	9.1593130336717e-12	c12	NT5C
2.86961265260298e-16	0.13642192241477	0.311	0.563	1.05030692697922e-11	c12	SRSF5
3.06666975630842e-16	0.376551677750201	0.128	0.263	1.12243179750644e-11	c12	RAB2A
3.35596655616209e-16	0.348300878165118	0.203	0.387	1.22831731922089e-11	c12	CYTIP
3.41140252224762e-16	0.372239524622759	0.1	0.219	1.24860743716785e-11	c12	SBDS
3.4440865951263e-16	0.209354458956728	0.081	0.187	1.26057013468218e-11	c12	RSBN1
4.34395338967024e-16	0.403547891967481	0.148	0.295	1.5899303801532e-11	c12	HMGN3
4.36031864368393e-16	0.317220422001421	0.094	0.207	1.59592022677476e-11	c12	ANP32E
4.84979273342131e-16	0.308357078452841	0.078	0.182	1.77507263835954e-11	c12	RAB8A
4.99374166054602e-16	0.100359983481844	0.071	0.171	1.82775938517645e-11	c12	PSMD11
5.15551288749637e-16	0.495743705443159	0.149	0.297	1.88696927195254e-11	c12	HNRNPR
5.49942817283827e-16	0.187460040019663	0.071	0.17	2.01284570554053e-11	c12	DGKA
5.98186129709075e-16	0.151235059004253	0.069	0.167	2.18942105334818e-11	c12	MAPKAPK5-AS1
6.46009610624975e-16	0.403119422771999	0.096	0.21	2.36445977584847e-11	c12	PNRC2
6.59233550030284e-16	0.213213130015566	0.06	0.153	2.41286071646584e-11	c12	NUDT5
7.01056214523159e-16	0.30791983467758	0.081	0.185	2.56593585077621e-11	c12	HNRNPD
7.17004309406981e-16	0.201496522608958	0.076	0.179	2.62430747286049e-11	c12	EMC3
7.56647696516282e-16	0.293406952451251	0.274	0.512	2.76940623401924e-11	c12	TRAF3IP3
7.70901690095215e-16	0.116688065257563	0.054	0.143	2.8215772759175e-11	c12	STX8
7.95182738062206e-16	0.388200949728519	0.08	0.185	2.91044833958148e-11	c12	GATA3
8.55493293428059e-16	0.246120744338802	0.071	0.171	3.13119100327604e-11	c12	YPEL5
8.55993691154741e-16	0.12194960829232	0.052	0.14	3.13302250899547e-11	c12	LINC01138
8.6968660978199e-16	0.187225061902524	0.05	0.137	3.18313996046306e-11	c12	MRPS35
8.79538527839052e-16	0.173386493319029	0.064	0.159	3.21919896574371e-11	c12	SURF4
1.00382017376231e-15	0.447620948715802	0.128	0.261	3.67408221798744e-11	c12	LRPAP1
1.08064998501345e-15	0.252304422377586	0.071	0.17	3.95528701014772e-11	c12	UBA2
1.12403311696471e-15	0.104656631177663	0.044	0.127	4.11407361140254e-11	c12	C12orf65
1.13641166042074e-15	0.382872330928294	0.081	0.185	4.15938031830593e-11	c12	CPNE3
1.18629177347924e-15	0.249832196451028	0.228	0.422	4.34194652011138e-11	c12	SKAP1
1.29516065334367e-15	0.43596979020007	0.096	0.209	4.74041750730315e-11	c12	MAX
1.3347295228137e-15	0.279961529251593	0.098	0.211	4.88524352645042e-11	c12	CCND2
1.40270480635707e-15	0.129863343524242	0.054	0.142	5.13403986174751e-11	c12	THOC3
1.65573260520087e-15	0.296386915477706	0.1	0.216	6.06014690829569e-11	c12	CDC25B
1.70248130292426e-15	0.235225086689019	0.092	0.201	6.23125181683309e-11	c12	ACAA2
1.74847620396656e-15	0.178866207333381	0.069	0.165	6.39959775413799e-11	c12	TMBIM1
1.83075140538442e-15	0.218430636442197	0.062	0.155	6.70073321884753e-11	c12	NRBP1
2.15337920957921e-15	0.285437809533134	0.077	0.178	7.88158324498087e-11	c12	PLD3
2.18553710913739e-15	0.131615984179987	0.067	0.162	7.99928437315376e-11	c12	CFDP1
2.20600141829453e-15	0.351286803686712	0.077	0.178	8.07418579109982e-11	c12	METAP2
2.53250353552039e-15	0.343993255428096	0.228	0.428	9.26921619035817e-11	c12	SRRM1
2.5404363683525e-15	0.28852789300543	0.221	0.405	9.298251151807e-11	c12	CD63
2.66211044181447e-15	0.297573372970736	0.085	0.19	9.74359042808516e-11	c12	SELENOS
2.71676309408406e-15	0.257233800682432	0.052	0.139	9.94362460065706e-11	c12	OXLD1
2.75626231599579e-15	0.141599027496039	0.056	0.144	1.00881957027762e-10	c12	C1D
3.11856616096302e-15	0.277368957337113	0.103	0.216	1.14142640057407e-10	c12	DUSP1
3.13853086241945e-15	0.271655094903583	0.081	0.184	1.14873368095414e-10	c12	ATP6V0D1
3.2063346211077e-15	0.376820482241814	0.13	0.26	1.17355053467163e-10	c12	HM13
3.53077033056182e-15	0.325027665407222	0.11	0.228	1.29229724868893e-10	c12	NUCB1
3.53513892953523e-15	0.334293457968595	0.151	0.294	1.29389619959919e-10	c12	FOXP1
3.61915752527408e-15	0.240712093789557	0.069	0.164	1.32464784582556e-10	c12	TMEM9B
3.94691647277785e-15	0.131642312955946	0.076	0.174	1.44461089820142e-10	c12	LPIN2
3.97009689671644e-15	0.247491998146514	0.077	0.176	1.45309516516719e-10	c12	USP16
3.97879227564777e-15	0.182265388971511	0.067	0.161	1.45627776080984e-10	c12	GNPTG
4.13438397819427e-15	0.107345481011334	0.063	0.155	1.51322587985888e-10	c12	RPL7L1
4.31915604277274e-15	0.35376883478792	0.095	0.204	1.58085430321525e-10	c12	PPP2CA
4.47346281938517e-15	2.17293801606362	0.134	0.079	1.63733212652316e-10	c12	PECAM1
5.70854444560903e-15	0.129466858752588	0.297	0.512	2.08938435253736e-10	c12	LGALS3
6.76123398029599e-15	0.345779515481885	0.079	0.179	2.47467924912813e-10	c12	SCAMP3
6.76732925795818e-15	0.397111235241383	0.09	0.196	2.47691018170527e-10	c12	RTF1
7.05551653794107e-15	0.494763201328994	0.138	0.273	2.58238960805181e-10	c12	RPN2
7.23165208787521e-15	0.404904657863583	0.132	0.263	2.64685698068321e-10	c12	CDKN1B
7.728201106167e-15	0.155163643839719	0.05	0.133	2.82859888686818e-10	c12	CFAP298
8.44988925529776e-15	0.484677898864571	0.113	0.232	3.09274396633153e-10	c12	CAMK4
8.66303040150208e-15	0.293055981451843	0.284	0.522	3.17075575725378e-10	c12	CDC42
9.59784264099908e-15	0.342939050944798	0.148	0.287	3.51290638503207e-10	c12	TMED9
1.16686678870735e-14	0.15836422255014	0.042	0.119	4.27084913334778e-10	c12	CCNG1
1.21020911936704e-14	0.248754829189308	0.072	0.167	4.4294863977953e-10	c12	CNOT2
1.23468737918686e-14	0.271624536344682	0.075	0.171	4.51907927656183e-10	c12	NASP
1.25222243408091e-14	0.294784958893541	0.06	0.148	4.58325933097954e-10	c12	RBBP7
1.43537836467327e-14	2.95279925331887	0.061	0.025	5.25362835254062e-10	c12	GK5
1.49951295537788e-14	0.142014230492358	0.037	0.112	5.48836736797859e-10	c12	MKRN1
1.56196026548865e-14	0.278960248473373	0.067	0.158	5.71693076771502e-10	c12	SDCBP
1.57697572772671e-14	0.154853182285278	0.045	0.123	5.77188886105254e-10	c12	DNPEP
1.59997953953762e-14	0.34543015060442	0.061	0.15	5.85608511266164e-10	c12	SHARPIN
1.66966946403217e-14	0.381442033996869	0.09	0.194	6.11115720530413e-10	c12	SRP72
1.71697750674276e-14	0.166434574854216	0.049	0.13	6.28430937242919e-10	c12	TOB1
1.82553250673281e-14	0.440006426027616	0.125	0.248	6.68163152789276e-10	c12	RSBN1L
1.82663250641624e-14	0.25759244159044	0.085	0.185	6.68565763673409e-10	c12	PSTPIP1
1.86314146961672e-14	0.468399979518707	0.109	0.224	6.81928409294416e-10	c12	PPP1CC
1.89452782434631e-14	0.423829744347818	0.108	0.223	6.93416128988991e-10	c12	KHDRBS1
1.91367241349463e-14	0.166184737993699	0.056	0.141	7.00423240063169e-10	c12	SAT2
1.98903111954895e-14	0.381658541403012	0.199	0.368	7.28005280066111e-10	c12	UBXN4
2.01510973140111e-14	0.291443200293057	0.058	0.144	7.3755031279012e-10	c12	POP5
2.16934226674036e-14	0.471574696246598	0.112	0.229	7.94000963049637e-10	c12	LMAN1
2.17329035615052e-14	0.250052611760634	0.069	0.161	7.95446003254651e-10	c12	CAPZA2
2.27972080745049e-14	0.355505233942839	0.091	0.196	8.34400612734954e-10	c12	ATP6AP1
2.34402544743922e-14	0.228948855199519	0.052	0.134	8.5793675401723e-10	c12	RBMS1
2.50668331681777e-14	0.40779569329896	0.189	0.348	9.17471160788472e-10	c12	IER2
2.69726619798964e-14	0.134155336118631	0.032	0.101	9.87226401126189e-10	c12	QTRT1
2.72871843036497e-14	0.165141534303752	0.047	0.127	9.98738232697882e-10	c12	ILF3-DT
2.77742095577295e-14	0.178605781340877	0.043	0.12	1.01656384402246e-09	c12	LLPH
2.95833920979786e-14	0.150784932554926	0.041	0.116	1.08278173417811e-09	c12	ARL14EP
2.99422509102545e-14	0.27985210939134	0.059	0.144	1.09591632556623e-09	c12	PTGER2
3.07847502826874e-14	0.407261047605302	0.115	0.233	1.12675264509664e-09	c12	NAP1L4
3.09341517969294e-14	0.250864738764463	0.071	0.164	1.13222088991941e-09	c12	ETFA
3.38195850503929e-14	0.139334935784469	0.039	0.113	1.23783063242943e-09	c12	DEGS1
3.77651062103506e-14	0.392351519084903	0.105	0.216	1.38224065240504e-09	c12	ARHGAP9
3.89375223681472e-14	0.124732145765627	0.042	0.117	1.42515225619656e-09	c12	MRPS31
3.94065809434273e-14	0.366317227664626	0.097	0.204	1.44232026911038e-09	c12	RSU1
4.18503095808967e-14	0.17055866221612	0.057	0.141	1.5317631809704e-09	c12	ATG12
4.36728809469008e-14	0.162155936791975	0.053	0.135	1.59847111553752e-09	c12	IMP4
4.53799167240738e-14	0.354162946163829	0.117	0.234	1.66095033201783e-09	c12	NR3C1
4.74314276381022e-14	0.121515839786652	0.048	0.127	1.73603768298218e-09	c12	TPGS2
4.8361564931094e-14	0.406105171980133	0.195	0.362	1.77008163804297e-09	c12	BIN2
5.16242135739812e-14	0.243545843799296	0.067	0.157	1.88949784102129e-09	c12	PWP1
6.04159738900582e-14	0.417143020345274	0.081	0.177	2.21128506035002e-09	c12	FLI1
6.53427210625781e-14	0.260491577951727	0.06	0.145	2.39160893361142e-09	c12	TFAM
6.65800461820122e-14	0.17458922537116	0.076	0.17	2.43689627030783e-09	c12	IFI6
6.77410844931545e-14	0.423326203239496	0.072	0.164	2.47939143353395e-09	c12	ABLIM1
6.87256487414994e-14	0.239871279800376	0.074	0.166	2.51542746958762e-09	c12	COMT
6.93033112608772e-14	0.330315813926055	0.063	0.15	2.53657049545937e-09	c12	SNRNP40
7.06379182761056e-14	0.2614846919633	0.066	0.154	2.58541844682374e-09	c12	RAB10
7.15181573296618e-14	1.00599918976245	0.359	0.316	2.61763607642295e-09	c12	CD8A
7.95691838622255e-14	0.436987149638789	0.089	0.19	2.91231169854132e-09	c12	CASP1
8.0167148270375e-14	0.216272494272702	0.063	0.149	2.934197793844e-09	c12	GADD45B
8.41725348873932e-14	0.15172934689838	0.046	0.122	3.08079894941348e-09	c12	ANTKMT
9.20978530202416e-14	0.373047042614221	0.083	0.18	3.37087351839386e-09	c12	PSMD2
9.47297601109047e-14	0.166071829991699	0.055	0.136	3.46720394981922e-09	c12	KIAA0040
9.90070696576605e-14	0.206359829662518	0.054	0.134	3.62375775654003e-09	c12	PRNP
9.97000789449119e-14	0.150704511222166	0.045	0.12	3.64912258946272e-09	c12	EIF3J
1.04000911801224e-13	0.194376364052049	0.079	0.173	3.8065373728366e-09	c12	SASH3
1.12389925826222e-13	0.248694171674638	0.065	0.151	4.11358367516556e-09	c12	ORMDL3
1.20713723828052e-13	0.496922016350761	0.145	0.277	4.41824300583053e-09	c12	PDIA6
1.2108759412922e-13	0.240318632883831	0.056	0.138	4.43192703272357e-09	c12	LARP7
1.27736253167505e-13	0.159553572952233	0.043	0.117	4.67527460218386e-09	c12	VPS4A
1.3137353762835e-13	0.271849679408735	0.066	0.153	4.80840285073525e-09	c12	GRINA
1.3397338494204e-13	0.354682297145373	0.056	0.138	4.90355986226362e-09	c12	APPL1
1.36191698936987e-13	0.423468506658533	0.137	0.264	4.98475237279265e-09	c12	CSNK1A1
1.51286285917477e-13	0.455438822634042	0.103	0.209	5.53722935086556e-09	c12	CYLD
1.52443227258064e-13	1.76108255403057	0.335	0.323	5.57957456087241e-09	c12	HSPA5
1.58801276625037e-13	0.267854409053811	0.061	0.144	5.81228552575297e-09	c12	CCM2
1.61566262908422e-13	0.175436134135754	0.049	0.126	5.91348678871115e-09	c12	PPT1
1.62138624145178e-13	0.187870910174497	0.038	0.109	5.93443578233765e-09	c12	GLTP
1.63685920583356e-13	0.223542304256179	0.075	0.165	5.9910683792714e-09	c12	DENR
1.91893635978576e-13	0.278351349802492	0.049	0.126	7.02349897045188e-09	c12	RPS6KA1
1.97190967913117e-13	0.2715259427837	0.055	0.135	7.217386616588e-09	c12	GORASP2
2.05366261438783e-13	0.434890879110311	0.097	0.201	7.5166105349209e-09	c12	ITGB7
2.05457182422817e-13	0.352114426574477	0.061	0.144	7.51993833385753e-09	c12	RNF166
2.09399043215576e-13	0.236312171873268	0.05	0.127	7.66421438073329e-09	c12	SLC44A2
2.16736534880613e-13	0.136042522805983	0.05	0.126	7.93277391316531e-09	c12	NUDT22
2.28938979566247e-13	0.289203512994738	0.084	0.179	8.37939559110422e-09	c12	GRAP2
2.30691527811661e-13	0.337997820010542	0.065	0.15	8.44354060943462e-09	c12	UFM1
2.50078019442905e-13	0.199892920120819	0.037	0.107	9.15310558962977e-09	c12	VOPP1
2.50923457446149e-13	0.375028675130848	0.107	0.215	9.18404946598649e-09	c12	ATP1A1
2.79377425216127e-13	0.276895895069839	0.054	0.133	1.02254931403355e-08	c12	LETMD1
2.79693853329342e-13	0.150366477709439	0.074	0.162	1.02370747257072e-08	c12	CYTOR
3.10949893446446e-13	0.155610976008133	0.047	0.122	1.13810770500334e-08	c12	RAB18
3.34280789310517e-13	0.459399288622295	0.106	0.214	1.22350111695542e-08	c12	CAPZA1
3.42997404091412e-13	0.262614537014277	0.051	0.127	1.25540479871498e-08	c12	RAB4B
3.54800461456229e-13	0.319478372156749	0.071	0.159	1.29860516897594e-08	c12	VPS35
3.62484228125223e-13	0.393266052650159	0.091	0.191	1.32672852336113e-08	c12	IRF3
3.70777927130978e-13	0.157912643055367	0.042	0.113	1.35708429109209e-08	c12	MMP24OS
3.78106630640004e-13	0.224840252695454	0.051	0.127	1.38390807880548e-08	c12	DTD1
4.24837302935134e-13	0.442972947426499	0.181	0.333	1.55494701247288e-08	c12	LINC00861
4.52486877370744e-13	0.210107790980786	0.058	0.138	1.65614721986466e-08	c12	B3GAT3
4.57209050998896e-13	0.466642186430606	0.091	0.19	1.67343084756106e-08	c12	ARIH2
4.64829365305273e-13	0.416251036187425	0.219	0.396	1.70132195995383e-08	c12	LBH
4.79331068197077e-13	0.162780024122018	0.051	0.126	1.75439964270812e-08	c12	GOPC
5.47699546655952e-13	0.544365140010249	0.178	0.328	2.00463511071545e-08	c12	KTN1
5.48175134254156e-13	0.212894236761891	0.312	0.554	2.00637580888364e-08	c12	HNRNPDL
5.49816418755398e-13	0.334659189152806	0.071	0.159	2.01238307428663e-08	c12	FXR1
5.53556029120275e-13	0.174408092499471	0.043	0.115	2.02607042218312e-08	c12	TNIP2
6.2010939013857e-13	0.350096826036052	0.056	0.135	2.26966237884618e-08	c12	TXNDC12
6.25023428625911e-13	0.363289661471868	0.057	0.137	2.2876482511137e-08	c12	HNRNPL
7.0089614927087e-13	0.432553116068818	0.107	0.213	2.56534999594631e-08	c12	BRD2
7.37844440777812e-13	0.307068559484693	0.066	0.15	2.70058443769087e-08	c12	U2AF2
7.43752250122691e-13	0.367176337630776	0.081	0.173	2.72220761067406e-08	c12	TLK1
7.90416135809434e-13	0.198351328105338	0.042	0.112	2.89300209867611e-08	c12	HARS
8.61742524428447e-13	0.168863466003936	0.056	0.133	3.15406381366056e-08	c12	PITPNC1
9.20323418499985e-13	0.239606135053263	0.053	0.129	3.3684757440518e-08	c12	SMIM10L1
1.00181082274723e-12	0.137404385768062	0.037	0.103	3.66672779233713e-08	c12	ACTR6
1.0833588082558e-12	0.190369643662143	0.048	0.121	3.96520157409704e-08	c12	UBASH3A
1.09707873718251e-12	0.394725841156048	0.1	0.2	4.0154178859617e-08	c12	ERICH1
1.1616411714537e-12	0.122181517624229	0.037	0.104	4.2517228516377e-08	c12	MCRS1
1.18119760410939e-12	0.60390674849627	0.089	0.185	4.32330135080078e-08	c12	SFPQ
1.24312076675802e-12	0.410268086638899	0.07	0.154	4.54994631841105e-08	c12	PTBP1
1.25851245671659e-12	0.452481900040146	0.083	0.175	4.60628144282841e-08	c12	CEP57
1.26340949127228e-12	0.152065602275169	0.037	0.104	4.62420507900569e-08	c12	TMEM248
1.30655515736788e-12	0.25107856380823	0.052	0.127	4.78212253148218e-08	c12	UBE2K
1.3194677418733e-12	0.341994615336148	0.076	0.164	4.82938388203046e-08	c12	BUD23
1.35229650107103e-12	0.418521312274867	0.074	0.161	4.94954042357009e-08	c12	ARF4
1.4064696953614e-12	0.474095842724744	0.071	0.157	5.14781973199227e-08	c12	SMAP2
1.48513080530009e-12	0.145266393602297	0.055	0.13	5.43572726047884e-08	c12	CD58
1.57793686824878e-12	0.288119418515919	0.052	0.127	5.77540673147735e-08	c12	RNF114
1.58814318929886e-12	0.512086876489933	0.133	0.253	5.81276288715277e-08	c12	MGAT4A
1.61803655588826e-12	0.541074038185987	0.196	0.355	5.92217559820663e-08	c12	ELF1
1.76687985483097e-12	0.550229957496235	0.116	0.226	6.46695695666683e-08	c12	DDOST
1.7908387184705e-12	0.225073884394703	0.047	0.118	6.55464879347389e-08	c12	HADHB
1.84903515320385e-12	0.336946749403675	0.049	0.122	6.7676535642414e-08	c12	OTUD6B-AS1
1.85264980941e-12	0.192706828090969	0.047	0.117	6.78088356742155e-08	c12	SNHG12
1.87250140421475e-12	0.489776306643712	0.111	0.218	6.8535423895664e-08	c12	TAP1
1.91939648362367e-12	0.4161971669095	0.077	0.165	7.02518306971101e-08	c12	FBXO7
1.9570358538084e-12	0.269485534491012	0.044	0.114	7.16294692852411e-08	c12	ZCCHC17
1.98166859117489e-12	0.360404528261372	0.061	0.139	7.25310521055921e-08	c12	CCS
2.05763274493172e-12	0.53398962808623	0.085	0.177	7.5311416097246e-08	c12	PMPCB
2.06360130031011e-12	0.402139556486605	0.195	0.347	7.55298711926502e-08	c12	ZFP36
2.09127908900916e-12	0.530647497320628	0.108	0.212	7.65429059368241e-08	c12	SRSF4
2.10534867762825e-12	0.225478585505012	0.286	0.497	7.70578669498714e-08	c12	CD44
2.1465898447612e-12	0.192301616776661	0.056	0.131	7.85673349081047e-08	c12	AGGF1
2.19253173793765e-12	0.206674272907271	0.094	0.189	8.02488541402558e-08	c12	TNFRSF1B
2.34502329928536e-12	0.369718991268368	0.095	0.191	8.58301977771434e-08	c12	DDX39A
2.35195623108867e-12	0.216452662475383	0.039	0.105	8.60839500140766e-08	c12	LZIC
2.41337363470727e-12	0.457360206706543	0.103	0.204	8.83318884039208e-08	c12	TMCO1
2.6158502542272e-12	0.641965727356608	0.108	0.212	9.57427351549696e-08	c12	BCL11B
2.63550054264029e-12	0.50182947806987	0.094	0.19	9.64619553611772e-08	c12	GBP2
2.64168881432241e-12	0.117989584489136	0.044	0.113	9.66884522930145e-08	c12	CD2BP2
2.64553139816677e-12	0.475511864388643	0.142	0.265	9.6829094704302e-08	c12	KIF5B
2.73128883977352e-12	0.378050403379868	0.094	0.189	9.99679028245508e-08	c12	RSRC2
2.74396551497416e-12	0.158506025718952	0.037	0.103	1.00431881813569e-07	c12	NSUN5
2.75061679651584e-12	0.410552350189015	0.094	0.189	1.00675325369276e-07	c12	LAPTM4A
2.801463939215e-12	0.202521876598503	0.048	0.119	1.02536381639208e-07	c12	OGFR
2.88924145848777e-12	0.294303869720369	0.04	0.107	1.05749126622111e-07	c12	QARS
3.01703602043719e-12	0.26389569070327	0.044	0.113	1.10426535384021e-07	c12	ILKAP
3.10193187261901e-12	0.297128210730712	0.051	0.124	1.13533808469729e-07	c12	CARD8
3.13894595738683e-12	0.411700701374418	0.078	0.165	1.14888560986315e-07	c12	ERLEC1
3.35529298697992e-12	0.227176673683297	0.047	0.116	1.22807078616452e-07	c12	MLX
3.45998386566472e-12	0.386664961441978	0.065	0.144	1.26638869467194e-07	c12	RPAIN
3.65713676655559e-12	0.396445878961317	0.207	0.363	1.33854862792701e-07	c12	ITGB1
3.66317985260736e-12	0.380784305671632	0.106	0.207	1.34076045785282e-07	c12	ARID5B
3.69612711740312e-12	0.404839558477425	0.067	0.148	1.35281948624072e-07	c12	ADSS
4.19681777221632e-12	0.473927711738737	0.12	0.228	1.53607727280889e-07	c12	DNAJA1
4.58644444738808e-12	0.41699572052257	0.257	0.453	1.67868453218851e-07	c12	SPOCK2
4.79292866081591e-12	0.133043029308991	0.04	0.105	1.75425981914523e-07	c12	NOC2L
5.05683098918779e-12	0.278432216544699	0.038	0.103	1.85085071035262e-07	c12	SNHG15
5.11425991631591e-12	0.178991163814163	0.037	0.1	1.87187027197079e-07	c12	TAPBPL
5.11837871048676e-12	0.165750241861823	0.034	0.096	1.87337779182526e-07	c12	SLC52A2
5.62445709635567e-12	0.124109512478681	0.034	0.096	2.05860754183714e-07	c12	RNF214
5.74373828774534e-12	0.423400205162587	0.143	0.264	2.10226565069767e-07	c12	SERPINB1
5.77479973105913e-12	0.475530789952519	0.087	0.178	2.11363444956495e-07	c12	INPP4B
6.18879349523408e-12	0.127072137064622	0.033	0.094	2.26516030719062e-07	c12	CLK3
6.27174081605578e-12	0.259492027496815	0.065	0.143	2.29551985608457e-07	c12	SNX5
6.41230551153936e-12	0.356961591745655	0.143	0.262	2.34696794027852e-07	c12	MCL1
6.65570043981306e-12	0.161145309122614	0.051	0.121	2.43605291797598e-07	c12	ARF3
6.81876001704792e-12	0.360526631709054	0.051	0.122	2.49573435383971e-07	c12	HK1
7.19501967969184e-12	1.9696725104931	0.233	0.191	2.63344915296401e-07	c12	UTRN
7.26423426890127e-12	0.981704965212168	0.416	0.383	2.65878238476056e-07	c12	GZMK
7.35953404893016e-12	0.104677749109641	0.037	0.101	2.69366305724893e-07	c12	SNAPC5
7.59221184617346e-12	0.474129617367421	0.051	0.123	2.77882545781795e-07	c12	DENND1C
7.97894771566502e-12	0.159061219932205	0.054	0.126	2.92037465341056e-07	c12	LASP1
8.00151500376573e-12	0.18628509453536	0.037	0.099	2.9286345065283e-07	c12	SFT2D1
8.41788813402523e-12	0.321531614483637	0.067	0.146	3.08103123593457e-07	c12	MRPS5
8.81068086078853e-12	0.233862282008444	0.056	0.128	3.22479730185721e-07	c12	STIP1
9.00723173491463e-12	0.186416669433928	0.034	0.095	3.2967368872961e-07	c12	MALSU1
9.12229169365978e-12	1.11029677364822	0.453	0.54	3.33884998279642e-07	c12	SON
9.99275034698648e-12	0.378948879382748	0.043	0.109	3.65744655450052e-07	c12	MITD1
1.01226073643019e-11	0.141446425483159	0.024	0.079	3.70497552140812e-07	c12	MRPL42
1.01674302898107e-11	0.516219662800154	0.11	0.213	3.7213811603736e-07	c12	BTG2
1.01980772013104e-11	0.313122902299378	0.034	0.095	3.73259823645162e-07	c12	RPA1
1.11522203939369e-11	0.344643338684878	0.053	0.124	4.08182418638484e-07	c12	UBLCP1
1.11551675603692e-11	0.271783498699514	0.057	0.131	4.08290287877072e-07	c12	SMIM7
1.23599231523594e-11	0.285947675245685	0.046	0.113	4.52385547299508e-07	c12	NMRAL1
1.2700376386514e-11	0.168619247201839	0.049	0.117	4.64846476122798e-07	c12	STX4
1.28904578467766e-11	0.12046447650559	0.042	0.106	4.7180364764987e-07	c12	PKN1
1.29996619287512e-11	0.35402671766432	0.048	0.117	4.75800626254223e-07	c12	PSMD14
1.3103413760424e-11	0.254895305568389	0.045	0.111	4.79598047045279e-07	c12	SIRT2
1.33820659526868e-11	0.415475434562584	0.056	0.129	4.89796995934291e-07	c12	SDR39U1
1.36988279106295e-11	0.13721304267181	0.036	0.097	5.01390800356949e-07	c12	ISCA1
1.38349900234083e-11	0.39158778553937	0.065	0.142	5.06374469846766e-07	c12	SPG21
1.40991394430185e-11	2.7656873491242	0.066	0.032	5.16042602753919e-07	c12	NPC1
1.45382901382888e-11	0.37856197779934	0.034	0.095	5.3211595735151e-07	c12	PABPN1
1.5050785374701e-11	0.178985926176529	0.041	0.105	5.50873795499431e-07	c12	GOLPH3
1.76024586381419e-11	0.282398285330973	0.048	0.116	6.44267588614632e-07	c12	C22orf39
1.7657609008449e-11	0.409530821365665	0.068	0.146	6.46286147318242e-07	c12	CIR1
2.05044818358944e-11	0.253506182126121	0.042	0.106	7.50484539675571e-07	c12	GMPS
2.05876323196773e-11	2.69239064399721	0.054	0.024	7.5352793053251e-07	c12	ENC1
2.09299683997562e-11	0.445108779484388	0.19	0.336	7.66057773399476e-07	c12	REEP5
2.15572031382147e-11	0.332657980292907	0.066	0.143	7.89015192061796e-07	c12	UBE2F
2.27426669584228e-11	0.354509664545194	0.057	0.129	8.32404353345232e-07	c12	NOP56
2.33140322946509e-11	0.180509495970085	0.034	0.094	8.53316896016518e-07	c12	RUVBL1
2.72213741612557e-11	0.571420874518944	0.085	0.171	9.9632951567612e-07	c12	SMC3
2.88033792099207e-11	0.435854226168277	0.044	0.109	1.05423248246231e-06	c12	GABPB1-IT1
2.95076860703612e-11	0.22277894112505	0.034	0.093	1.08001081786129e-06	c12	TP53I13
3.10580460758124e-11	0.343003283951105	0.057	0.128	1.13675554442081e-06	c12	TCP1
3.22615135172105e-11	0.111708491926156	0.037	0.098	1.18080365624342e-06	c12	GUSB
3.31727851709882e-11	0.545960631855833	0.091	0.18	1.21415711004334e-06	c12	SSR1
3.3546025575483e-11	0.391706318275908	0.064	0.138	1.22781808208825e-06	c12	SLU7
3.6618081342308e-11	0.531599557315993	0.093	0.183	1.34025839520981e-06	c12	PRKCSH
3.69097648206974e-11	0.447332648118352	0.068	0.145	1.35093430220234e-06	c12	GNAI3
3.87157085212669e-11	0.39671392319292	0.041	0.103	1.41703364758689e-06	c12	RTCB
3.88540127884799e-11	0.357749410795729	0.036	0.095	1.42209572207115e-06	c12	NSMCE4A
4.03010755256347e-11	0.410544813443519	0.057	0.128	1.47505966531376e-06	c12	RNF13
4.07121507536055e-11	0.466999270152409	0.121	0.226	1.49010542973272e-06	c12	NOP58
4.12999178361051e-11	0.316958488942708	0.04	0.102	1.51161829271928e-06	c12	ABHD17A
4.38607342753399e-11	0.409614479377171	0.056	0.127	1.60534673521172e-06	c12	PHAX
4.54696098081106e-11	0.45936961612112	0.132	0.241	1.66423318858666e-06	c12	PRPF38B
4.82063935714427e-11	0.466575316267825	0.17	0.302	1.76440221110838e-06	c12	TAF15
4.89848283459785e-11	0.147633096374441	0.024	0.077	1.79289370229116e-06	c12	NIPSNAP2
4.95786561546644e-11	0.442793483461833	0.061	0.133	1.81462839391687e-06	c12	UBE2G2
5.44014104948297e-11	0.360444302868724	0.042	0.104	1.99114602552126e-06	c12	BAG6
5.50315830679951e-11	0.299317963355928	0.039	0.1	2.01421097187169e-06	c12	TOMM40
5.7634246530925e-11	0.208954383065191	0.055	0.124	2.10947105727839e-06	c12	PGD
5.83571926132789e-11	0.659555154497073	0.076	0.156	2.13593160683862e-06	c12	DNAJC7
5.98910081319705e-11	0.238995022606828	0.049	0.115	2.19207078863825e-06	c12	UTP23
6.31853314361834e-11	0.220725672403682	0.056	0.125	2.31264631589575e-06	c12	KCNA3
6.33217536335561e-11	0.577047547951446	0.091	0.179	2.31763950474179e-06	c12	BNIP2
6.33433586406531e-11	0.364644576268342	0.079	0.16	2.31843026960655e-06	c12	SNW1
6.42242176915656e-11	0.157888387881191	0.051	0.117	2.35067059172899e-06	c12	PLAAT3
6.47799926429016e-11	0.291560664755847	0.305	0.514	2.37101251072284e-06	c12	MYH9
6.5886377192794e-11	0.505199670501336	0.267	0.469	2.41150729163345e-06	c12	SF3B2
6.80640287967901e-11	0.593656100297658	0.166	0.295	2.49121151799131e-06	c12	CD6
6.94297272241766e-11	0.527694733369105	0.054	0.123	2.54119744613209e-06	c12	GPAA1
7.12671548972707e-11	0.531931636310123	0.137	0.249	2.608449136395e-06	c12	MFSD10
7.35825761106668e-11	0.388432335315758	0.04	0.101	2.69319586822651e-06	c12	TSNAX
7.42281210154764e-11	0.606833893337835	0.158	0.279	2.71682345728745e-06	c12	SELL
7.59604129552486e-11	0.512609220528568	0.11	0.208	2.78022707457505e-06	c12	RASSF5
7.63242677556093e-11	0.263411835594932	0.033	0.09	2.79354452412306e-06	c12	OARD1
7.66730433104081e-11	0.593601256593216	0.15	0.271	2.80631005820425e-06	c12	U2SURP
7.72077940612846e-11	0.388903361419521	0.07	0.146	2.82588247043708e-06	c12	ZNF655
7.8320717878547e-11	0.359514678100623	0.05	0.116	2.8666165950727e-06	c12	AP1G2
8.11980770085623e-11	0.436872503427794	0.064	0.137	2.97193081659039e-06	c12	USP1
8.43349506074061e-11	0.443827745248123	0.074	0.152	3.08674352718167e-06	c12	OIP5-AS1
9.13022058628289e-11	0.283353991531162	0.034	0.091	3.3417520367854e-06	c12	UBE2D1
9.13895358084343e-11	0.572979803137058	0.091	0.179	3.3449484001245e-06	c12	FLOT1
9.20664994875778e-11	0.436239875166784	0.056	0.125	3.36972594774484e-06	c12	MAPRE1
9.30046612154729e-11	0.576335363542934	0.091	0.177	3.40406360514752e-06	c12	IRF2
9.3298795074996e-11	0.141385550540521	0.037	0.095	3.41482919853993e-06	c12	PCID2
9.46974348130903e-11	2.59432961117485	0.065	0.032	3.46602081159392e-06	c12	PRSS23
9.73045479225251e-11	0.483211077384989	0.232	0.402	3.56144375851234e-06	c12	HP1BP3
9.76643176222559e-11	0.331857887940247	0.04	0.1	3.57461168929219e-06	c12	SUCLG2
9.87756726452806e-11	0.644492340619762	0.1	0.191	3.61528839448991e-06	c12	PHF20
1.05378058610586e-10	0.150103161553674	0.03	0.084	3.85694232320607e-06	c12	DPF2
1.07083820578795e-10	0.392432901608178	0.272	0.473	3.91937491700449e-06	c12	CDC37
1.08881847119681e-10	0.112371464193686	0.028	0.082	3.98518448642743e-06	c12	APOL3
1.09333232495916e-10	0.207232250442573	0.037	0.096	4.00170564258301e-06	c12	SLC35C2
1.09797528377062e-10	0.169327609597222	0.037	0.096	4.01869933612884e-06	c12	PEX11B
1.12476902514182e-10	0.467331864959145	0.053	0.12	4.11676710892159e-06	c12	C19orf25
1.16185089913039e-10	0.28469369398604	0.048	0.112	4.25249047590713e-06	c12	AASDHPPT
1.1653423927412e-10	0.574511563170766	0.213	0.372	4.26526969167206e-06	c12	PAK2
1.19537792788251e-10	0.501746241974753	0.213	0.371	4.37520275384279e-06	c12	ARL4C
1.22387152380347e-10	0.65692529857704	0.105	0.2	4.47949216427308e-06	c12	STRAP
1.23073859934744e-10	0.297319140276925	0.042	0.102	4.50462634747157e-06	c12	NT5DC1
1.36633461787863e-10	0.493365072637219	0.133	0.24	5.00092133489757e-06	c12	BTN3A2
1.36780030422846e-10	0.399719106022051	0.076	0.153	5.00628589350659e-06	c12	ATP1B3
1.39951990104691e-10	0.559733057816351	0.145	0.26	5.1223827898218e-06	c12	NDUFV1
1.41685406639852e-10	1.17731128123436	0.408	0.447	5.18582756842523e-06	c12	FLNA
1.46650818157756e-10	0.194951857057518	0.034	0.09	5.36756659539202e-06	c12	ACYP2
1.51513539685197e-10	0.246945353612043	0.038	0.097	5.54554706601789e-06	c12	SATB1
1.51722258008335e-10	0.574382283488976	0.086	0.168	5.55318636536305e-06	c12	HNRNPH1
1.55477194902108e-10	0.526334566903071	0.134	0.242	5.69062081061206e-06	c12	SLC3A2
1.59668455197239e-10	0.100402711653321	0.032	0.087	5.84402512867416e-06	c12	RABIF
1.59828536320454e-10	0.254796234313931	0.034	0.09	5.84988425786494e-06	c12	MRPS25
1.60660847829995e-10	0.236249102145693	0.042	0.102	5.88034769142565e-06	c12	ADAM8
1.65894225345361e-10	0.442455083134446	0.054	0.121	6.07189454186558e-06	c12	UBE2G1
1.65976184017265e-10	0.127262574666206	0.042	0.101	6.0748943112159e-06	c12	CHTOP
1.67031240494818e-10	0.516160215210594	0.059	0.128	6.11351043335085e-06	c12	WBP11
1.69111634464402e-10	0.408313642461295	0.052	0.118	6.18965493303156e-06	c12	GALT
1.70087820045935e-10	0.243481337946547	0.035	0.091	6.22538430150126e-06	c12	VRK3
1.7100562166033e-10	1.70991227234889	0.246	0.212	6.25897675838974e-06	c12	ANKRD44
1.76285174336121e-10	0.209206011607546	0.04	0.099	6.45221366587637e-06	c12	ZNF622
1.87202476324006e-10	0.251528950113961	0.032	0.087	6.85179783593495e-06	c12	CUL1
1.8846180837897e-10	1.4526138508338	0.349	0.347	6.89789064847867e-06	c12	MT-ND6
1.91342765502822e-10	0.386585755049336	0.045	0.106	7.00333656016878e-06	c12	AK2
2.05641375941377e-10	0.298303915267382	0.036	0.092	7.52668000083035e-06	c12	WDR74
2.09396195422789e-10	0.469750756265266	0.138	0.247	7.66411014866952e-06	c12	IDS
2.11077416143608e-10	0.316284082865377	0.076	0.152	7.72564450827219e-06	c12	SOD2
2.12962624449819e-10	0.137735745280252	0.044	0.104	7.79464501748784e-06	c12	THUMPD3-AS1
2.14574702871706e-10	0.12476985583818	0.036	0.092	7.8536486998073e-06	c12	COMMD4
2.23981395884344e-10	0.24434848599929	0.045	0.106	8.19794307076289e-06	c12	AMD1
2.25310673927017e-10	0.216913090433782	0.034	0.09	8.24659597640276e-06	c12	ATG4B
2.26733372714429e-10	0.56399842599851	0.136	0.245	8.2986681747208e-06	c12	CYFIP2
2.26753969263082e-10	0.554191076394677	0.088	0.171	8.29942202899807e-06	c12	PPP4R2
2.39970159988594e-10	0.225068076520829	0.042	0.101	8.78314782574254e-06	c12	CHCHD3
2.55214931257483e-10	0.432453493244675	0.068	0.141	9.34112169895515e-06	c12	RCN2
2.65297286474699e-10	0.408188120212662	0.115	0.209	9.71014598226045e-06	c12	FABP5
2.66111988682684e-10	0.640110042398112	0.125	0.227	9.73996489777492e-06	c12	TTC3
2.82479354619298e-10	0.591444723296229	0.182	0.318	1.03390268584209e-05	c12	EVI2B
2.94940533613137e-10	0.457689803697192	0.207	0.354	1.07951184707744e-05	c12	CD69
2.95679643188898e-10	0.247291169212029	0.04	0.098	1.08221706203569e-05	c12	TRNAU1AP
3.00089620568068e-10	0.487034683753595	0.098	0.185	1.09835802024118e-05	c12	SH3GLB1
3.04802803758438e-10	0.376787326635458	0.076	0.151	1.11560874203626e-05	c12	SLA
3.04836737625163e-10	0.31084786750481	0.042	0.1	1.11573294338186e-05	c12	RHOT2
3.06269936570649e-10	0.385014171775763	0.053	0.118	1.12097859484223e-05	c12	LAP3
3.19421614604979e-10	0.122848244204353	0.038	0.095	1.16911505161568e-05	c12	EXOSC9
3.43849371527138e-10	0.445754354173081	0.07	0.143	1.25852308472648e-05	c12	PARVG
3.47885784999961e-10	0.399984109419488	0.064	0.134	1.27329676167836e-05	c12	DR1
3.58305950330344e-10	0.589964318056441	0.098	0.186	1.31143560880409e-05	c12	TMC6
3.89147274762332e-10	0.701807751468524	0.167	0.295	1.42431794035761e-05	c12	SCAMP2
3.93698387666277e-10	0.599984784470795	0.073	0.148	1.44097546869734e-05	c12	SCML4
4.12633362521592e-10	0.151118158970612	0.042	0.101	1.51027937016528e-05	c12	OGDH
4.13053073648044e-10	0.216725596771917	0.053	0.117	1.51181555485921e-05	c12	PTTG1IP
4.14436129281401e-10	0.325847554495911	0.046	0.106	1.51687767678285e-05	c12	LSM12
4.18984949404997e-10	0.399979198182273	0.81	0.91	1.53352681331723e-05	c12	TXNIP
4.48302002109291e-10	0.36848036122886	0.051	0.115	1.64083015792022e-05	c12	ERGIC2
4.58835810482652e-10	0.360269819077894	0.031	0.083	1.67938494994756e-05	c12	MHENCR
4.7027030703723e-10	0.535674703044582	0.063	0.132	1.72123635078697e-05	c12	RBM22
4.73784088772269e-10	0.174953518493934	0.036	0.091	1.73409714331538e-05	c12	FTSJ1
4.75179110812292e-10	0.616194157977219	0.078	0.155	1.73920306348407e-05	c12	DCAF7
4.79881617767647e-10	0.529313601467653	0.15	0.264	1.75641470919137e-05	c12	GLIPR1
4.84487752322351e-10	0.458593280014333	0.146	0.255	1.77327362227504e-05	c12	ACP5
4.85683538952123e-10	0.261339627296754	0.036	0.091	1.77765032091866e-05	c12	TDG
5.01483503853913e-10	0.364862069932282	0.027	0.078	1.83547977245571e-05	c12	PPP6R1
5.08649295899166e-10	0.205807808433979	0.033	0.087	1.86170728792054e-05	c12	NAGK
5.14320910111196e-10	2.66653564891388	0.053	0.025	1.88246596309799e-05	c12	FCRL3
5.24455629708112e-10	0.10289370217916	0.026	0.075	1.91956005029466e-05	c12	MPI
5.28316621828196e-10	0.183087916412846	0.032	0.084	1.93369166755338e-05	c12	VPS25
5.95979506665763e-10	0.38918572578966	0.05	0.111	2.18134459234736e-05	c12	PIGT
5.99279358415248e-10	0.485385741051667	0.083	0.161	2.19342237973565e-05	c12	HACD4
6.22369143932856e-10	0.590723298031871	0.093	0.176	2.27793330370865e-05	c12	RBBP6
6.22648787891009e-10	0.250347102980526	0.03	0.081	2.27895682855988e-05	c12	DMAP1
6.26009032942741e-10	0.564473425020763	0.078	0.154	2.29125566147372e-05	c12	SNX2
6.32605672537792e-10	0.139951143389303	0.037	0.093	2.31540002205557e-05	c12	DUSP12
6.37671154265878e-10	0.105483563742102	0.025	0.073	2.33394019172854e-05	c12	SMIM15
6.46664151852519e-10	0.435021227725867	0.056	0.12	2.3668554621954e-05	c12	TUBGCP2
6.47483421737964e-10	0.534980344640819	0.162	0.284	2.36985407190312e-05	c12	EWSR1
6.53727329242774e-10	0.665047244868229	0.142	0.251	2.39270739776148e-05	c12	RSF1
6.97185647802176e-10	0.468712728773288	0.133	0.235	2.55176918952074e-05	c12	GLUL
7.11284152560263e-10	0.65840428083557	0.136	0.243	2.60337112678582e-05	c12	MYO1G
7.12536934342646e-10	0.471258844543936	0.05	0.112	2.60795643338752e-05	c12	TRPV2
7.16337664711337e-10	0.337853705475486	0.044	0.102	2.62186748660997e-05	c12	P2RY10
7.30726298485096e-10	0.223005270069139	0.029	0.08	2.6745313250853e-05	c12	PARP10
7.55810187392391e-10	0.531871020284848	0.063	0.131	2.76634086687489e-05	c12	DDX27
7.64090489815829e-10	0.139473488659434	0.033	0.086	2.79664760177492e-05	c12	STX5
7.66798685318835e-10	0.338508491291859	0.037	0.092	2.80655986813547e-05	c12	C1orf131
7.71596594422339e-10	2.96596517157815	0.039	0.016	2.8241206952452e-05	c12	ITGAM
7.82700908056263e-10	0.460119865497562	0.208	0.353	2.86476359357673e-05	c12	STK17B
7.82952666862151e-10	0.487864836053888	0.061	0.129	2.86568505598216e-05	c12	FYTTD1
7.83166012630002e-10	0.580015555258882	0.104	0.192	2.86646592282707e-05	c12	TOX4
8.20641201532e-10	0.286038405546705	0.033	0.086	3.00362886172727e-05	c12	HDAC3
8.21838917025164e-10	0.371243667530553	0.061	0.127	3.0080126202038e-05	c12	PSMC6
8.25790984895646e-10	0.596577472951349	0.155	0.273	3.02247758381655e-05	c12	RTN4
8.26818902588453e-10	0.188125392509347	0.027	0.076	3.026239865364e-05	c12	CEBPB
8.48061138538124e-10	0.235511427519341	0.044	0.102	3.10398857316339e-05	c12	TNFRSF1A
8.64721437330637e-10	2.07632677204775	0.097	0.059	3.16496693277386e-05	c12	ADGRG1
8.69135804842237e-10	0.222988964690936	0.028	0.078	3.18112395930307e-05	c12	PTPN18
8.71124189880898e-10	0.448149071206068	0.046	0.105	3.18840164738308e-05	c12	OSGEP
8.83891991138687e-10	0.557912361151682	0.074	0.147	3.23513307676671e-05	c12	ATXN7L3B
9.25778979618398e-10	0.440197007777213	0.299	0.507	3.3884436433013e-05	c12	CALR
1.05254658560369e-09	0.508910446107333	0.059	0.125	3.85242575796806e-05	c12	NARF
1.05478409854542e-09	0.721156826366216	0.109	0.2	3.8606152790861e-05	c12	ARHGAP4
1.07436501188331e-09	0.135491825013393	0.037	0.09	3.93228337999411e-05	c12	ADA
1.07757100816502e-09	0.124075136976999	0.023	0.07	3.9440176469848e-05	c12	CRYL1
1.09236615266363e-09	0.229693805368117	0.035	0.088	3.99816935536417e-05	c12	ASCC2
1.11690646483716e-09	0.59907696723763	0.059	0.124	4.08798935195049e-05	c12	IARS2
1.12058854341006e-09	0.490987387909696	0.054	0.117	4.10146612773514e-05	c12	EBLN3P
1.14917797997314e-09	0.141255076612744	0.025	0.072	4.2061063244997e-05	c12	MLST8
1.19120621526373e-09	0.59862240567303	0.05	0.11	4.35993386848678e-05	c12	HNRNPUL2
1.20797399764636e-09	0.63103773464616	0.189	0.325	4.42130562878545e-05	c12	ARHGEF1
1.23788669169712e-09	0.228313863085452	0.031	0.081	4.53078908028064e-05	c12	POP7
1.26171119548396e-09	2.19084272344919	0.108	0.069	4.61798914659082e-05	c12	AGTPBP1
1.32592678282973e-09	0.106290673221481	0.033	0.085	4.85302461783509e-05	c12	DCUN1D5
1.34383996974207e-09	0.382916878531264	0.043	0.1	4.91858867325294e-05	c12	UROS
1.36407609841361e-09	0.407469991803235	0.071	0.141	4.99265492780364e-05	c12	AP2B1
1.37183346268134e-09	0.473863990343948	0.055	0.118	5.02104765675996e-05	c12	DHX29
1.3920957469556e-09	0.684356400854165	0.105	0.194	5.09520964343219e-05	c12	YY1
1.40972008190511e-09	0.453975266290926	0.065	0.132	5.15971647178089e-05	c12	RAB27A
1.41050575110625e-09	0.443169917253336	0.22	0.371	5.16259209962399e-05	c12	STK17A
1.41367833669342e-09	0.148876851698822	0.024	0.071	5.17420408013159e-05	c12	NAPRT
1.56032641488643e-09	0.233811709967052	0.033	0.085	5.71095071112582e-05	c12	PIP4P1
1.61106321350145e-09	0.364596504985304	0.051	0.112	5.89665246773667e-05	c12	ALDH9A1
1.66909951965122e-09	0.114198787932816	0.032	0.083	6.10907115187543e-05	c12	PRKAG1
1.68898049340834e-09	0.376658562709483	0.071	0.14	6.18183750392387e-05	c12	HDLBP
1.79577602330148e-09	0.373698440760539	0.057	0.12	6.57271982288576e-05	c12	DDX50
1.85050753267811e-09	0.162603150111376	0.022	0.066	6.77304262035516e-05	c12	DLD
1.9205199896565e-09	1.61792054565075	0.306	0.303	7.02929521414174e-05	c12	PIK3R1
1.93372021020506e-09	0.244514639815067	0.033	0.084	7.07760934137156e-05	c12	EPN1
2.01495125175286e-09	0.252223418462134	0.037	0.089	7.37492307654064e-05	c12	MFSD5
2.02070734612435e-09	0.319801688861827	0.046	0.103	7.39599095754972e-05	c12	METTL17
2.05019673865042e-09	0.581121231016836	0.082	0.158	7.5039250831344e-05	c12	TMC8
2.06343213270208e-09	0.668133752910442	0.099	0.182	7.55236794890287e-05	c12	SUN2
2.07222957671484e-09	0.505794515693639	0.055	0.117	7.58456747373399e-05	c12	MEI1
2.1455080378179e-09	0.123417764592638	0.026	0.073	7.8527739692173e-05	c12	CCDC28A
2.14610169270454e-09	0.439272594678196	0.042	0.098	7.8549468054679e-05	c12	CYB5B
2.19405935327887e-09	1.50294931888147	0.331	0.344	8.030476638936e-05	c12	RIPOR2
2.25752268366814e-09	0.409368387353109	0.047	0.104	8.26275877449377e-05	c12	CNOT8
2.29613713326485e-09	0.361863038062462	0.032	0.083	8.40409152146267e-05	c12	DRAM2
2.36426589618131e-09	0.385930295131571	0.041	0.095	8.6534496066132e-05	c12	TMX2
2.3731664699361e-09	0.650730513353469	0.118	0.211	8.68602659661313e-05	c12	CCDC18-AS1
2.37626760189933e-09	0.53939864057355	0.074	0.145	8.69737704971175e-05	c12	LAMP1
2.44879912958825e-09	0.22070290898401	0.027	0.075	8.96284969420596e-05	c12	SMPD1
2.48964482383338e-09	0.242349274638548	0.029	0.078	9.11234901971254e-05	c12	ZFAND2A
2.48966965951685e-09	0.629776833933647	0.133	0.234	9.11243992079763e-05	c12	GGNBP2
2.53085611827049e-09	2.11531071583607	0.096	0.059	9.26318647848183e-05	c12	S1PR5
2.63127014801772e-09	0.246687602421432	0.036	0.087	9.63071186875964e-05	c12	FAM98C
2.65206020219648e-09	0.100358199023555	0.025	0.071	9.70680554605934e-05	c12	KIAA1191
2.67158358632958e-09	0.564577945975871	0.08	0.153	9.77826308432491e-05	c12	SAP30BP
2.71712463944196e-09	0.376892194260967	0.306	0.512	9.94494789282152e-05	c12	LRRFIP1
2.72143861437132e-09	0.463951120665469	0.036	0.088	9.96073747246046e-05	c12	KIAA1143
2.76278588734773e-09	0.570278141812291	0.101	0.185	0.000101120726262814	c12	TOP1
2.78758426560979e-09	0.21512745205705	0.03	0.079	0.000102028371705584	c12	RWDD4
2.8299893615395e-09	0.15609925363088	0.037	0.09	0.000103580440621707	c12	UTP3
2.8847608898853e-09	0.248370551156023	0.027	0.073	0.000105585133330692	c12	COPS4
3.00358427710801e-09	1.91198765998727	0.211	0.176	0.00010993418812643	c12	VPS13C
3.21826240337179e-09	0.223181637614345	0.028	0.076	0.000117791622225811	c12	NKAPD1
3.26024607549951e-09	0.590677904575995	0.047	0.104	0.000119328266609358	c12	TARSL2
3.29559657731443e-09	0.106834101679204	0.023	0.068	0.000120622130326286	c12	VAMP4
3.29886677769979e-09	0.254784561085891	0.027	0.073	0.00012074182293059	c12	MAP2K1
3.35519603051141e-09	0.120360543005078	0.025	0.07	0.000122803529912748	c12	PACS1
3.36408431097137e-09	0.632508509222308	0.071	0.139	0.000123128849865863	c12	PHYKPL
3.43009719110916e-09	0.648366876723378	0.149	0.258	0.000125544987291786	c12	CDC42SE2
3.45295331464373e-09	0.470321229351858	0.047	0.105	0.000126381544269275	c12	NELL2
3.46241180623996e-09	0.149406324223151	0.028	0.076	0.000126727734520189	c12	ZC3H6
3.62430804215563e-09	0.690551980601584	0.062	0.127	0.000132653298650938	c12	DGKZ
3.66666307476558e-09	0.238126642748294	0.025	0.07	0.000134203535199495	c12	TAF6
3.81383391238673e-09	0.648525199044204	0.12	0.213	0.000139590135027267	c12	SLC2A3
3.83024240290616e-09	0.66839987823249	0.128	0.225	0.000140190702188768	c12	TRIM22
3.84022524367348e-09	0.577660244167969	0.096	0.177	0.000140556084143693	c12	SFXN1
3.86196837704228e-09	2.31736317797753	0.111	0.073	0.000141351904568125	c12	UTY
3.86653773377223e-09	0.207482636386723	0.037	0.089	0.000141519147593798	c12	DYNC1I2
3.9243058358035e-09	0.655608982584425	0.186	0.318	0.000143633517896244	c12	EMB
3.95297719024959e-09	0.210658841642271	0.037	0.088	0.000144682918140325	c12	MRPL27
3.99771422288357e-09	0.635909514192178	0.056	0.118	0.000146320338271762	c12	ACTR10
4.01691975301646e-09	0.673130495663177	0.066	0.132	0.000147023279880156	c12	CAT
4.0990487166398e-09	0.260793721326262	0.032	0.08	0.000150029282077733	c12	DIMT1
4.10375672172954e-09	1.76811084337039	0.213	0.18	0.000150201599772023	c12	PARP8
4.15088548153172e-09	0.363967453304602	0.047	0.104	0.000151926559509543	c12	PLEKHB2
4.18951697942398e-09	0.376545441686421	0.047	0.103	0.000153340510963897	c12	CD59
4.25478868562173e-09	0.540825257744641	0.082	0.156	0.000155729520682441	c12	AKIRIN2
4.59556641770123e-09	0.262564879211839	0.039	0.091	0.000168202326454283	c12	PRDX4
4.64550312876137e-09	0.3518954514746	0.039	0.091	0.000170030060015795	c12	CCDC174
4.68614941950559e-09	0.292613516188361	0.032	0.08	0.000171517754903324	c12	HSD17B11
4.74949212331725e-09	1.83484956031824	0.243	0.217	0.000173836161205535	c12	ATM
4.75684240178643e-09	0.264123254408604	0.033	0.083	0.000174105188747785	c12	UTP18
5.10183468495455e-09	1.10724693706066	0.313	0.288	0.000186732251304022	c12	DUSP2
5.10891062829168e-09	3.205256720693	0.027	0.01	0.000186991237906104	c12	PDGFD
5.16717037717523e-09	0.582387468392918	0.073	0.142	0.000189123602974991	c12	CCDC69
5.21801323206588e-09	0.150171978654726	0.028	0.075	0.000190984502306843	c12	TRPT1
5.26547585867422e-09	0.630399776821944	0.074	0.143	0.000192721681903335	c12	SP140L
5.35568033588115e-09	0.43706132336592	0.038	0.09	0.000196023255973586	c12	MOB3A
5.41292782530327e-09	0.545438757082073	0.066	0.132	0.000198118571333925	c12	PCMTD1
5.73072752622808e-09	0.590525540231966	0.071	0.139	0.000209750358187474	c12	NCOA4
5.87065723691756e-09	0.113140051134201	0.048	0.104	0.00021487192552842	c12	SLC39A10
5.9735540468306e-09	0.376569288580924	0.041	0.093	0.000218638051668047	c12	NDUFV3
6.10123405237671e-09	0.298018994520538	0.032	0.081	0.00022331126755104	c12	TMEM106B
6.13317131084813e-09	0.303165951290192	0.03	0.077	0.000224480203148352	c12	DMAC2L
6.13929319214814e-09	0.290084141149201	0.037	0.087	0.000224704270125814	c12	FAM136A
6.1819792708142e-09	0.586731768995369	0.047	0.102	0.000226266623291071	c12	NAE1
6.56462879248348e-09	0.418297749422537	0.075	0.143	0.000240271978433688	c12	GLUD1
6.78458977451483e-09	0.488172572044131	0.061	0.124	0.000248322770337017	c12	EIF2AK1
6.89099213021956e-09	0.512651045188701	0.059	0.12	0.000252217202958166	c12	SNX1
6.967833284502e-09	0.480189815499127	0.053	0.112	0.000255029666046058	c12	HDAC2
7.08085798285361e-09	1.99631112890153	0.12	0.081	0.000259166483030425	c12	F2R
7.18885859127365e-09	2.12677005126249	0.115	0.077	0.000263119413299207	c12	SLAMF7
7.23321175817204e-09	0.303018093654641	0.027	0.073	0.000264742783560855	c12	MED29
7.25970462825978e-09	0.455322457613261	0.042	0.095	0.000265712449098936	c12	RAB9A
7.28821671050903e-09	0.165528415833785	0.029	0.076	0.000266756019821341	c12	GPKOW
7.29934351025909e-09	0.368385463158919	0.039	0.091	0.000267163271818993	c12	MYD88
7.46559281333551e-09	0.18619392069911	0.037	0.087	0.000273248162560893	c12	ACADM
7.54634663908133e-09	0.581601422015051	0.076	0.145	0.000276203833337016	c12	BRD4
7.62799052381014e-09	0.494404671515054	0.043	0.097	0.000279192081161975	c12	SLC25A36
7.7198697722448e-09	0.423673880800756	0.046	0.1	0.000282554953533932	c12	GNPAT
7.72536998306579e-09	0.410998792871802	0.051	0.108	0.000282756266750191	c12	CPSF6
7.74098368505667e-09	0.233679802510347	0.025	0.069	0.000283327743856759	c12	YAF2
7.88568677211204e-09	0.607229508562001	0.217	0.366	0.000288624021546073	c12	KIF2A
8.00196264234813e-09	0.408301393870949	0.026	0.07	0.000292879834672584	c12	CBX1
8.45078082713203e-09	0.327993761472092	0.042	0.095	0.00030930702905386	c12	TRIM27
8.60566197337993e-09	0.564675441947579	0.231	0.389	0.000314975833887679	c12	MPHOSPH8
8.91892493133543e-09	0.650125716667612	0.176	0.299	0.000326441571411808	c12	ZAP70
8.93011053125706e-09	0.581779089970906	0.111	0.197	0.00032685097555454	c12	IRF9
9.06168517198009e-09	0.151078826134004	0.02	0.061	0.000331666738979643	c12	SH2B1
9.27647369218651e-09	0.49186285101577	0.043	0.096	0.000339528213607719	c12	ANKRD10
9.34867370481114e-09	0.485247441345441	0.042	0.094	0.000342170806269793	c12	UBA3
9.52049704801010e-09	0.263921622784084	0.038	0.089	0.000348459712454217	c12	CUTC
9.82540446921788e-09	0.438831156860955	0.044	0.097	0.000359619628977844	c12	DNASE2
9.8391556040963e-09	0.168297218029333	0.032	0.08	0.000360122934265529	c12	ENOPH1
9.88435311663107e-09	0.156994796323073	0.023	0.066	0.000361777208421814	c12	AC245297.3
1.03850365171661e-08	0.352504356913504	0.039	0.09	0.000380102721564795	c12	TCHP
1.06688848108122e-08	0.712216404061193	0.084	0.156	0.000390491852960539	c12	CDC40
1.07981753678677e-08	0.620248411525676	0.117	0.205	0.000395224016639325	c12	PTPN1
1.08025503370199e-08	0.373760178529021	0.033	0.081	0.000395384144885265	c12	NFKBIB
1.08935970598657e-08	0.293258512140534	0.027	0.072	0.000398716545988146	c12	RNF44
1.09358409071451e-08	0.562595378171716	0.058	0.118	0.000400262713042419	c12	FBXL5
1.12388628630712e-08	0.264516323689433	0.022	0.065	0.000411353619651269	c12	MED16
1.13395097514753e-08	0.57395046703694	0.069	0.134	0.000415037396413748	c12	SRSF1
1.13472613291913e-08	0.375701916944502	0.044	0.097	0.00041532111190973	c12	IKBKG
1.2090443644782e-08	2.21072900810794	0.097	0.062	0.000442522327842667	c12	DDHD1
1.22770455869591e-08	0.175898372474217	0.027	0.071	0.000449352145528289	c12	HTRA2
1.22811284877784e-08	0.168248471382197	0.026	0.069	0.000449501583781177	c12	RABGGTA
1.25477003751566e-08	0.306353307536339	0.038	0.088	0.000459258381431105	c12	USO1
1.28286047597213e-08	0.264943631654966	0.04	0.09	0.00046953976281056	c12	MAT2A
1.28621552859549e-08	0.520833541749512	0.046	0.099	0.000470767745621234	c12	ECI2
1.30491516346569e-08	0.366722206560549	0.034	0.082	0.000477611998980076	c12	TRMT1
1.33268986930041e-08	0.749791820158551	0.1	0.18	0.000487777819062642	c12	DNTTIP2
1.34207619012272e-08	0.513599213256098	0.055	0.112	0.000491213306346817	c12	ZNFX1
1.37046917342068e-08	0.214818448522867	0.022	0.064	0.000501605422163703	c12	EEF1AKMT2
1.37437251439121e-08	0.184641437211057	0.026	0.069	0.000503034083992325	c12	NPRL3
1.37522825439418e-08	0.667444629988413	0.047	0.101	0.000503347293390812	c12	PRORP
1.37946799974571e-08	0.543668388276132	0.05	0.105	0.000504899082586927	c12	CD28
1.39146837684183e-08	0.119448373773329	0.022	0.063	0.000509291340607878	c12	TBRG4
1.44185012794651e-08	0.314869329259305	0.028	0.073	0.000527731565329702	c12	MRPL44
1.46951775058203e-08	0.539877816744746	0.051	0.107	0.000537858191890528	c12	ASB8
1.48610571241265e-08	0.611369521743657	0.084	0.155	0.000543929551800155	c12	ESYT1
1.53291649447365e-08	0.223824881255743	0.02	0.06	0.0005610627661423	c12	ERAL1
1.53782953674585e-08	0.482136348947791	0.052	0.109	0.000562860988744349	c12	PRKAR1A
1.54391033614696e-08	0.49422243227984	0.039	0.089	0.000565086622133147	c12	MTA2
1.5601272498778e-08	0.247087727918929	0.022	0.063	0.000571022174727775	c12	BCAS4
1.57610002188699e-08	0.535097404945133	0.052	0.109	0.000576868369010858	c12	NFE2L2
1.58995382619483e-08	0.343540360288671	0.035	0.083	0.000581938999925571	c12	RPF1
1.6344702343915e-08	0.292842162771647	0.031	0.076	0.000598232450489634	c12	GMIP
1.64825259399211e-08	0.598950535003455	0.194	0.325	0.000603276931927053	c12	ACTR2
1.66421262797413e-08	2.49001457892173	0.091	0.057	0.000609118463964812	c12	PATL2
1.69920666027551e-08	0.467355880529623	0.058	0.117	0.00062192662972744	c12	NKAP
1.70177097171099e-08	0.594503960231872	0.061	0.122	0.000622865193355938	c12	IFNAR2
1.74525034553354e-08	0.35377348014263	0.04	0.09	0.000638779078968732	c12	GNL1
1.76063175569796e-08	0.483058307740625	0.051	0.106	0.000644408828903009	c12	UBE2J1
1.78830922410473e-08	0.651509556383668	0.064	0.126	0.000654539059114573	c12	SMNDC1
1.81164698042103e-08	0.290464593308241	0.031	0.076	0.000663080911303901	c12	RIN3
1.81840403580807e-08	0.588444519607781	0.059	0.118	0.00066555406114611	c12	DERL2
1.82977946163701e-08	2.9427567805911	0.023	0.008	0.000669717580753763	c12	NCR1
1.83067837859312e-08	0.693257234301513	0.089	0.162	0.000670046593348868	c12	TSEN54
1.8322560861256e-08	0.300248521823961	0.032	0.079	0.000670624050082831	c12	ATXN2L
1.83453308773052e-08	0.614369631944754	0.156	0.264	0.000671457455440249	c12	G3BP2
1.88306106190456e-08	0.415362895631711	0.042	0.094	0.000689219179267689	c12	SGTB
1.88968177756191e-08	0.265720454390863	0.029	0.074	0.000691642427405436	c12	SLC25A20
1.90380341953867e-08	0.593406251906788	0.051	0.106	0.00069681108958535	c12	UCHL5
1.9404109099478e-08	0.261140187694457	0.027	0.07	0.000710209797149996	c12	TOR3A
1.96314571081948e-08	0.31174682744026	0.037	0.085	0.000718530961617038	c12	EHMT2
2.06614720194104e-08	0.373471149293611	0.042	0.092	0.00075623053738244	c12	COX19
2.08214005134218e-08	0.591343609071724	0.039	0.089	0.00076208408019175	c12	CCDC66
2.12055459579816e-08	0.369704116956613	0.037	0.085	0.000776144187608084	c12	UNC45A
2.19805576563097e-08	0.563229946348993	0.04	0.09	0.000804510390778593	c12	IPCEF1
2.29317112941716e-08	0.525056630168513	0.051	0.106	0.000839323565077976	c12	SUPT20H
2.31619350140821e-08	0.25776818148098	0.022	0.062	0.000847749983450419	c12	NSMCE3
2.34351399912235e-08	0.328038276413151	0.031	0.076	0.000857749558818772	c12	DPH3
2.35756271374713e-08	0.309031354208388	0.027	0.07	0.000862891528858587	c12	TWISTNB
2.39853709147641e-08	0.433463834132088	0.027	0.07	0.00087788856085128	c12	NOA1
2.41269660786153e-08	0.582372267833853	0.045	0.097	0.000883071085443399	c12	ACO2
2.41967216074546e-08	1.87728321553235	0.167	0.13	0.000885624207554447	c12	ADAM10
2.44075717874757e-08	0.277744734754083	0.036	0.083	0.000893341534993399	c12	UPF3B
2.45491852306032e-08	0.609090617431655	0.091	0.164	0.000898524728625308	c12	SAFB2
2.45889386208979e-08	0.19821628657307	0.014	0.05	0.000899979742463484	c12	DYNLL2
2.46588979596817e-08	0.570416381994079	0.057	0.115	0.000902540324222309	c12	TMX1
2.52271271459747e-08	0.611486017904056	0.188	0.314	0.00092333808066982	c12	NSD3
2.57361513081689e-08	0.46835253159407	0.045	0.097	0.000941968874030291	c12	NARS
2.6591381157e-08	0.646621251692972	0.063	0.124	0.000973271141727359	c12	MRPS30
2.66814402928183e-08	0.101240215889615	0.023	0.064	0.000976567396157443	c12	MRPL45
2.68949087595952e-08	0.575282310527543	0.064	0.124	0.000984380555509945	c12	UFL1
2.72900151785234e-08	0.624383722316991	0.066	0.127	0.000998841845549135	c12	FKBP5
2.75791628961308e-08	0.768505742713854	0.111	0.196	0.00100942494116128	c12	TIAL1
2.8846302818446e-08	0.446655227170504	0.042	0.093	0.00105580352945794	c12	LENG1
2.9264125794176e-08	0.612381337741362	0.159	0.265	0.00107109626819263	c12	DDX39B
2.9810755356523e-08	0.492579101958727	0.069	0.131	0.0010911034568041	c12	DNAJC2
2.9996612899441e-08	0.593956122701051	0.076	0.142	0.00109790602873244	c12	ACADVL
3.01176014856978e-08	0.563566690160382	0.064	0.124	0.00110233433197803	c12	XPC
3.06418872606994e-08	0.304232732848817	0.025	0.067	0.00112152371562886	c12	STAT5A
3.0998830686617e-08	0.486306218110676	0.042	0.093	0.00113458820196087	c12	RTL8C
3.11436681955722e-08	0.528659398932553	0.056	0.113	0.00113988939962614	c12	COPB2
3.14950446285719e-08	0.697639210007723	0.081	0.15	0.00115275012845036	c12	MAN1A2
3.15560405000666e-08	0.369678892548182	0.033	0.079	0.00115498263834294	c12	AZIN1
3.19661310909076e-08	0.106375771499685	0.017	0.055	0.00116999236405831	c12	BLMH
3.22205530927639e-08	0.186934756633262	0.023	0.064	0.00117930446374825	c12	RRS1
3.2414226804131e-08	0.602352970370356	0.112	0.195	0.001186393115258	c12	UBE3A
3.27004271792292e-08	0.140260066660526	0.034	0.08	0.00119686833518697	c12	PDE4DIP
3.28760603854723e-08	0.602383105926903	0.076	0.142	0.00120329668616867	c12	WAPL
3.32818369115032e-08	0.753576373604295	0.087	0.159	0.00121814851279793	c12	CEBPZ
3.36877782874629e-08	0.565459026922421	0.213	0.355	0.00123300637309943	c12	TERF2IP
3.39403279167415e-08	0.37947731353573	0.03	0.074	0.00124224994208066	c12	ASMTL
3.42374799073955e-08	0.302570926654856	0.024	0.065	0.00125312600209058	c12	CGRRF1
3.43915401785109e-08	0.60304634887066	0.091	0.163	0.00125876476207368	c12	RAB29
3.45962250681232e-08	0.467106534850119	0.031	0.075	0.00126625643371838	c12	ZNF721
3.491056509549e-08	0.301854748305468	0.033	0.079	0.00127776159306003	c12	RSAD1
3.50185792946054e-08	0.587492161707439	0.059	0.117	0.00128171502076185	c12	MLLT6
3.51675506934113e-08	0.528249252653397	0.051	0.106	0.00128716752292955	c12	SMARCA4
3.56875049459138e-08	0.502594651979628	0.037	0.084	0.00130619836852539	c12	MX2
3.62108765495322e-08	0.218942108044689	0.03	0.074	0.00132535429258943	c12	TSPAN5
3.70161617185941e-08	0.700084278867411	0.075	0.14	0.00135482853506226	c12	CNTRL
3.80080967488941e-08	0.588008166146595	0.058	0.115	0.00139113434910627	c12	MLEC
3.84578168502509e-08	0.139518563801188	0.034	0.08	0.00140759455453603	c12	BTG3
3.84904599452593e-08	0.581750906651425	0.206	0.339	0.00140878932445644	c12	CLEC2B
3.86340445883061e-08	0.356130203785009	0.042	0.091	0.00141404466597659	c12	VMP1
3.93673932030655e-08	0.459836960546973	0.032	0.077	0.0014408859586254	c12	APBB1
3.94719335583303e-08	3.45098096153657	0.017	0.005	0.00144471224016845	c12	GPR141
3.951092122301e-08	0.7247768798006	0.174	0.293	0.00144613922768339	c12	ADD3
3.96111535471489e-08	0.396148600783357	0.04	0.088	0.0014498078309792	c12	NADSYN1
4.03848562587092e-08	0.252909504353567	0.037	0.085	0.00147812612392502	c12	PIP4K2A
4.12523609586683e-08	0.467385318448948	0.093	0.166	0.00150987766344822	c12	MATK
4.13790523504265e-08	0.350529347152924	0.043	0.093	0.00151451469507796	c12	C1orf35
4.16460963586979e-08	0.29720263932691	0.032	0.076	0.0015242887728247	c12	RDH14
4.19191508742875e-08	0.569188692711474	0.045	0.095	0.0015342828411498	c12	SMC4
4.24168534090408e-08	0.184342534263969	0.024	0.065	0.0015524992516243	c12	KNOP1
4.32926893622897e-08	0.460164397285395	0.048	0.1	0.00158455572334917	c12	USP36
4.34577016576803e-08	0.118898291474548	0.021	0.06	0.00159059533837276	c12	TMEM154
4.37938274138641e-08	0.521139521544818	0.053	0.108	0.00160289787717484	c12	HBP1
4.46733277486204e-08	0.32294500678645	0.056	0.112	0.00163508846892725	c12	MX1
4.47870374702463e-08	0.268826088620706	0.023	0.063	0.00163925035844849	c12	CCNC
4.59004847299109e-08	0.33888645071878	0.034	0.08	0.00168000364159947	c12	RNF138
4.66162761637426e-08	0.540352098093045	0.056	0.112	0.00170620232386914	c12	AC008875.3
4.73465497439277e-08	0.467864656421322	0.056	0.111	0.0017329310671775	c12	ABCE1
4.73643188845545e-08	0.134799864867266	0.019	0.057	0.00173358143549358	c12	AC025164.1
4.8489345993865e-08	0.179355209686903	0.022	0.061	0.00177475855272145	c12	TMEM242
4.87501775827075e-08	0.573389977133328	0.045	0.095	0.00178430524970468	c12	DCAF11
4.91860592063969e-08	0.150529585225381	0.025	0.066	0.00180025895301333	c12	ZNF330
4.97767724733902e-08	2.36874831407382	0.055	0.029	0.00182187964929855	c12	MCOLN2
5.04916932027004e-08	0.208446764864743	0.02	0.058	0.00184804646291204	c12	C1orf122
5.09741678463025e-08	0.143172834541299	0.023	0.063	0.00186570551734252	c12	ELOA
5.09949669309612e-08	0.439698216171401	0.05	0.102	0.00186646678464011	c12	SPNS1
5.11214210546667e-08	0.599127561076486	0.086	0.156	0.00187109513202186	c12	STAU1
5.15743859541505e-08	0.313394780570121	0.028	0.071	0.00188767410030786	c12	DAP
5.18183991233053e-08	0.418647035841464	0.041	0.089	0.0018966052263121	c12	SNAP29
5.22180357927187e-08	0.149877102549258	0.025	0.066	0.0019112323280493	c12	P4HTM
5.22701513998394e-08	0.578598639274813	0.081	0.147	0.00191313981138552	c12	NORAD
5.35515660638751e-08	0.243414703783782	0.02	0.058	0.00196004086950389	c12	DNTTIP1
5.48056243711412e-08	0.160011059327786	0.018	0.055	0.00200594065760814	c12	LINC01184
5.48391464907042e-08	0.359497782055455	0.047	0.097	0.00200716760070626	c12	JPX
5.48946009852112e-08	0.414578570153519	0.039	0.087	0.00200919729065972	c12	ATL3
5.67620914174678e-08	0.421626411182955	0.025	0.066	0.00207754930797074	c12	SCYL1
5.69882614352249e-08	0.697877928828506	0.061	0.118	0.00208582735679067	c12	MLLT3
5.70572898093507e-08	0.454452851216932	0.05	0.102	0.00208835386431205	c12	SIRT7
5.79400764739678e-08	0.725431023227411	0.071	0.133	0.0021206647390237	c12	CORO7
5.97094007397147e-08	0.247163321607207	0.027	0.069	0.0021854237764743	c12	RCE1
6.07208016512569e-08	0.317660883753462	0.028	0.07	0.00222244206123765	c12	TAB2
6.11814428252215e-08	0.713806701713755	0.136	0.23	0.00223930198884593	c12	TMED4
6.18816632484249e-08	0.473177326040426	0.044	0.094	0.0022649307565556	c12	B4GALT3
6.23957819187858e-08	0.584706135053318	0.066	0.126	0.00228374801400948	c12	MTCH2
6.32417175917848e-08	0.487425158038476	0.046	0.096	0.00231471010557692	c12	CTBS
6.33374208490612e-08	0.609835092028286	0.081	0.147	0.00231821294049649	c12	SUMF2
6.42960603104996e-08	0.475990242025413	0.053	0.107	0.00235330010342459	c12	RASGRP1
6.44281666810055e-08	0.278185545397193	0.027	0.068	0.00235813532869148	c12	NTPCR
6.45146535840206e-08	0.304321332587593	0.042	0.09	0.00236130083582874	c12	GPR171
6.78269105763474e-08	0.638996537114592	0.099	0.174	0.00248253275400489	c12	SYNCRIP
6.81269486223413e-08	0.603210263269761	0.231	0.386	0.00249351444652631	c12	EPC1
6.94635371320619e-08	0.257961963155085	0.032	0.075	0.0025424349225706	c12	EXOC7
6.95023824010676e-08	0.38164777593176	0.032	0.075	0.00254385669826148	c12	FAM3A
6.95415719119254e-08	0.451939227879148	0.051	0.103	0.00254529107354838	c12	ARL8B
7.02250789285695e-08	0.643744661511368	0.063	0.122	0.00257030811386457	c12	ACBD6
7.06713853373181e-08	0.597209394093472	0.184	0.302	0.00258664337473118	c12	SAT1
7.27186460500302e-08	0.388615762147407	0.032	0.076	0.00266157516407715	c12	SDCCAG8
7.30260903383953e-08	0.138912283088239	0.027	0.067	0.00267282793247561	c12	ZEB1
7.32689640254822e-08	0.261133088226833	0.029	0.071	0.00268171735229667	c12	TMEM107
7.35665300646056e-08	0.541790842510205	0.042	0.091	0.00269260856689463	c12	CCDC130
7.35880204644037e-08	0.142814843615382	0.055	0.108	0.00269339513701764	c12	CD9
7.51404697702182e-08	0.399917884278457	0.039	0.086	0.00275021633405976	c12	DHX30
7.52742324327606e-08	0.314366479744568	0.024	0.064	0.00275511218127147	c12	CHMP1B
7.56210180343832e-08	0.308513827091638	0.048	0.099	0.00276780488107646	c12	LST1
7.56630998449697e-08	0.216077929441609	0.023	0.062	0.00276934511742574	c12	CHST11
7.66767199003152e-08	0.226458948038031	0.029	0.071	0.00280644462507144	c12	TRIM21
7.91541829879396e-08	0.249564490004561	0.033	0.077	0.00289712225154158	c12	LEPROT
8.00731451330355e-08	0.667086722499438	0.116	0.199	0.00293075718501423	c12	GPBP1
8.06388703705531e-08	0.444618099747608	0.042	0.089	0.00295146329443262	c12	IL6ST
8.26949436535119e-08	0.570644148878942	0.056	0.111	0.00302671763266219	c12	WDR45
8.40960089387421e-08	0.245029434727968	0.017	0.052	0.0030779980231669	c12	SLC39A8
8.54711467287305e-08	0.37843014828506	0.038	0.085	0.00312832944141827	c12	TRIM59
8.6741523399886e-08	0.250165391087974	0.015	0.049	0.00317482649795923	c12	SWI5
8.88247960064818e-08	0.624675281214136	0.082	0.149	0.00325107635863324	c12	RBM27
9.01320902210335e-08	0.252063911383827	0.027	0.067	0.00329892463418005	c12	EIPR1
9.13291633387336e-08	0.143568927053673	0.017	0.053	0.00334273870736099	c12	FOPNL
9.46091374426049e-08	0.684061421062874	0.077	0.141	0.00346278903953678	c12	TSPAN14
9.50213605095082e-08	0.690916170451279	0.135	0.226	0.00347787681600851	c12	DDX21
1.0018013764925e-07	0.347052615552636	0.061	0.118	0.00366669321810019	c12	DCTN1
1.00659455375842e-07	0.550317005126863	0.027	0.068	0.00368423672621121	c12	RBM23
1.01834469502822e-07	0.466572145497073	0.037	0.083	0.00372724341827278	c12	FAM192A
1.01857807315996e-07	0.788478957237932	0.111	0.191	0.00372809760557277	c12	FAM107B
1.02927848172724e-07	0.25397448394648	0.017	0.053	0.00376726217096986	c12	TAX1BP3
1.0304459451234e-07	0.270958466628845	0.031	0.073	0.00377153520374615	c12	YEATS4
1.03104634469196e-07	0.192558830512317	0.023	0.062	0.00377373272620703	c12	RTL8A
1.03165069644271e-07	0.56253715789163	0.238	0.394	0.00377594471404998	c12	SRSF7
1.04262718276953e-07	0.757314831425068	0.131	0.221	0.00381611975165474	c12	TMX4
1.08110390158904e-07	0.420900071613745	0.033	0.077	0.00395694839020604	c12	SEC22C
1.08668040957481e-07	2.65258829375241	0.032	0.014	0.00397735896708478	c12	TRGV4
1.09819824051756e-07	0.253242952220162	0.027	0.067	0.00401951538011831	c12	DDX49
1.14424885098817e-07	0.546031404495583	0.041	0.088	0.00418806521950178	c12	ZMYM5
1.15963179533256e-07	0.312377671220821	0.035	0.079	0.00424436833409671	c12	VPS26C
1.20049451931415e-07	0.536165743696003	0.068	0.127	0.00439392999014173	c12	CLN3
1.20517830381253e-07	0.436382065252386	0.037	0.081	0.00441107310978423	c12	PRR5
1.21086152411514e-07	0.396340685244816	0.028	0.069	0.00443187426441382	c12	MALT1
1.21374174865768e-07	0.535944441668396	0.039	0.085	0.00444241617426198	c12	RAB5B
1.2232930682106e-07	0.380838709715665	0.025	0.064	0.00447737495895761	c12	TRAP1
1.23389094070946e-07	0.516819367332083	0.039	0.085	0.00451616423209069	c12	MSL3
1.2437521551776e-07	0.754850744255254	0.142	0.238	0.00455225726316554	c12	IFI16
1.24817236738105e-07	0.244855138966284	0.027	0.066	0.00456843568185139	c12	HDAC7
1.26181836572594e-07	0.473024656219282	0.034	0.078	0.0046183814003935	c12	CCDC32
1.27188338438875e-07	0.236123054519135	0.029	0.07	0.00465522037520127	c12	DCAF13
1.27537092016038e-07	0.329915539462522	0.032	0.074	0.004667985104879	c12	SLC25A46
1.3641815434421e-07	0.304993017914487	0.039	0.085	0.00499304086715243	c12	TM2D1
1.39314465580549e-07	2.15373618165975	0.083	0.052	0.00509904875471367	c12	USP28
1.40600927642474e-07	0.605425181492424	0.082	0.147	0.0051461345526422	c12	PAG1
1.41246048072616e-07	0.635177215816656	0.042	0.09	0.00516974660550581	c12	SNAP23
1.4180724752741e-07	0.73427373152401	0.116	0.198	0.00519028706675072	c12	SDHA
1.42102088377585e-07	0.737621354191194	0.162	0.268	0.00520107853670798	c12	SRSF10
1.42985431904399e-07	0.686816229035945	0.066	0.123	0.00523340979313291	c12	CRLF3
1.441905049969e-07	0.199292994415326	0.017	0.052	0.00527751667339153	c12	AC073111.4
1.45000297197041e-07	0.262504201008986	0.017	0.052	0.00530715587770889	c12	MDP1
1.4718186800889e-07	0.494280294733446	0.037	0.081	0.0053870035509934	c12	PRRC1
1.48515525693794e-07	0.712968729027671	0.137	0.228	0.00543581675591854	c12	SLTM
1.48607133966883e-07	0.204662452809347	0.027	0.066	0.00543916971032188	c12	TOLLIP
1.48774597914495e-07	0.776506628598676	0.113	0.193	0.00544529905826843	c12	DNAJB6
1.49079899945185e-07	0.609840099566954	0.075	0.136	0.0054564734178937	c12	C6orf89
1.49210678009549e-07	0.708105006451244	0.081	0.145	0.00546126002582751	c12	CIAO1
1.50691128085063e-07	0.502925136858902	0.222	0.359	0.00551544597904138	c12	LCP2
1.51118633655699e-07	0.337708143634817	0.025	0.064	0.00553109311043224	c12	MT1E
1.56154313106766e-07	0.374006059671343	0.029	0.07	0.00571540401402073	c12	TCTA
1.56316726772203e-07	0.624365048010437	0.055	0.108	0.00572134851658941	c12	DDB1
1.59850188734354e-07	0.64507333896216	0.083	0.148	0.0058506767578661	c12	CDK5RAP3
1.63534195148947e-07	0.309004819228105	0.028	0.069	0.00598551507664661	c12	PGM1
1.6366725645171e-07	0.472016547040178	0.047	0.096	0.00599038525338905	c12	PLEKHA1
1.65796395863892e-07	0.558787384103575	0.04	0.086	0.00606831388501431	c12	DYNC1LI1
1.68217854261091e-07	0.192073185228602	0.019	0.055	0.00615694168381018	c12	ZCCHC10
1.72929691469221e-07	0.63646083408638	0.068	0.126	0.00632939963746496	c12	ERVK3-1
1.73304649546215e-07	0.298794015380947	0.027	0.066	0.006343123478041	c12	ODF2
1.78068634333651e-07	0.328835115498538	0.02	0.056	0.00651749008524595	c12	OAT
1.79341716352867e-07	0.724752877371556	0.121	0.204	0.00656408616023127	c12	SNRNP70
1.8005707635513e-07	0.123623426621684	0.026	0.064	0.00659026905167412	c12	BORCS8
1.80443551742019e-07	0.518478569664957	0.27	0.442	0.00660441443730963	c12	SELPLG
1.83911057343966e-07	0.522651576286305	0.036	0.079	0.00673132860984651	c12	IGSF8
1.85211005680212e-07	0.346476250836487	0.025	0.063	0.00677890801890142	c12	AKT2
1.86182961410132e-07	0.6479695590295	0.071	0.131	0.00681448257057223	c12	COMMD2
1.87011947569905e-07	0.260419389603236	0.03	0.071	0.0068448242930061	c12	AK3
1.88439550415373e-07	0.411131108089985	0.028	0.068	0.00689707598475308	c12	ZDHHC6
1.89187340540482e-07	0.436084052982654	0.034	0.077	0.00692444585112217	c12	PPP2R3C
1.91837968801438e-07	0.552687356351505	0.037	0.082	0.00702146149610143	c12	ZBTB25
1.9229462378701e-07	0.290031116467681	0.032	0.074	0.00703817552522835	c12	AARSD1
1.95568596918768e-07	0.364686785132979	0.029	0.069	0.00715800621582383	c12	PTPA
1.97218441908084e-07	0.415615968122548	0.084	0.148	0.00721839219227779	c12	AIF1
1.98732551655799e-07	0.332154134302341	0.032	0.074	0.00727381012315389	c12	FAM217B
1.99182752809724e-07	0.348819488962332	0.028	0.068	0.0072902879355887	c12	MORF4L2
2.02388268309071e-07	0.302666913866789	0.023	0.061	0.00740761300838029	c12	SCOC
2.04538644730587e-07	0.115233252277432	0.02	0.055	0.00748631893578423	c12	TMEM159
2.05749310471149e-07	0.698054499743064	0.584	0.775	0.00753063051255454	c12	IL2RG
2.06716868672259e-07	1.25173011905223	0.373	0.423	0.00756604411027335	c12	RBM39
2.08186498489759e-07	0.107890609913813	0.016	0.049	0.00761983403122367	c12	ZNF766
2.08516641143543e-07	0.460701095968743	0.035	0.078	0.00763191758249483	c12	CCDC137
2.09815663715189e-07	0.200152635399233	0.014	0.046	0.00767946310763962	c12	MAGEH1
2.09894071870529e-07	0.220026538276915	0.024	0.062	0.00768233292453322	c12	TMEM259
2.11891702409805e-07	0.273078107409646	0.026	0.064	0.00775544819990129	c12	CCDC97
2.13932705091831e-07	0.25870103460038	0.024	0.062	0.00783015093906611	c12	DAZAP1
2.14909255775182e-07	0.276976088311402	0.038	0.082	0.00786589367062742	c12	AGPAT2
2.17431538227537e-07	0.712478537707709	0.076	0.138	0.0079582117306661	c12	ERP44
2.2198743420434e-07	0.592677888497003	0.055	0.106	0.00812496207931306	c12	KRI1
2.2216652835599e-07	1.62616209741782	0.247	0.231	0.00813151710435758	c12	PRKCH
2.23075506092733e-07	0.188078855500061	0.016	0.049	0.00816478659850011	c12	CSRNP1
2.24513846980998e-07	0.27328227018995	0.02	0.055	0.00821743131335151	c12	AC100810.1
2.25749419283129e-07	0.199215542002732	0.041	0.086	0.00826265449518181	c12	GOLGA2
2.29380643666888e-07	0.35240650113837	0.02	0.055	0.00839556093885178	c12	SART1
2.31124258210309e-07	0.535080916030786	0.061	0.116	0.00845937897475551	c12	PTGER4
2.32825084777149e-07	0.339394754924002	0.038	0.082	0.00852163092792844	c12	NIP7
2.34796526125961e-07	0.303340088559908	0.032	0.074	0.00859378765273631	c12	UBE2R2
2.37707896415879e-07	0.171036508094507	0.022	0.059	0.0087003467167176	c12	PEX2
2.38410723759088e-07	0.459828825639546	0.035	0.078	0.00872607090030638	c12	DNAJB12
2.39289214742855e-07	0.471031063733802	0.034	0.076	0.00875822454880323	c12	USP39
2.3966170840207e-07	0.711337062681668	0.167	0.274	0.00877185818922417	c12	ETS1
2.40455262927912e-07	0.521818098975087	0.037	0.081	0.00880090307842452	c12	UFSP2
2.40808493184193e-07	0.166326011008252	0.026	0.064	0.00881383165903464	c12	ASPSCR1
2.41181990718485e-07	0.313958785924946	0.026	0.064	0.00882750204228725	c12	DTNBP1
2.42283910467396e-07	0.72030374912904	0.055	0.107	0.00886783340701718	c12	GSPT1
2.47563156417055e-07	0.298798949880153	0.022	0.058	0.00906105908802062	c12	DDX41
2.48955247909314e-07	0.722164664411333	0.088	0.155	0.00911201102872879	c12	RAB6A
2.49171986127805e-07	0.453202256610227	0.033	0.075	0.00911994386426378	c12	TDP2
2.55268726245925e-07	0.257048006529958	0.025	0.063	0.00934309064932709	c12	WARS
2.57198165075766e-07	0.509387312658178	0.059	0.112	0.00941371003993812	c12	WDR82
2.5832124293763e-07	0.504981325986803	0.043	0.089	0.00945481581276019	c12	COIL
2.60651466114914e-07	0.352847847270199	0.027	0.065	0.00954010431127195	c12	LAMTOR3
2.62161322700096e-07	0.271851171920027	0.026	0.064	0.00959536657214622	c12	AL133415.1
2.6684918683605e-07	0.227999271573863	0.023	0.06	0.00976694708738625	c12	AP3D1
2.78453175488383e-07	0.737693180149509	0.047	0.096	0.0101916646760503	c12	TSN
2.824237476737e-07	0.208096196361236	0.017	0.05	0.0103369915886051	c12	BIN3
2.8270592943659e-07	0.714138891189739	0.216	0.353	0.0103473197233086	c12	TAX1BP1
2.88597860583258e-07	0.461059775394174	0.027	0.065	0.0105629702952078	c12	LRCH4
2.90195144250312e-07	0.398125067902281	0.028	0.067	0.0106214324747057	c12	NBPF15
2.91219537931874e-07	0.345795439025991	0.026	0.064	0.0106589263078445	c12	CRYZL1
2.93331564013111e-07	0.622126504518144	0.038	0.082	0.0107362285744439	c12	PPWD1
2.98078177904076e-07	2.08858277692341	0.101	0.069	0.0109099593894671	c12	ATG2A
3.0164394486571e-07	0.167008095945042	0.027	0.065	0.0110404700260299	c12	MDFIC
3.02073915767949e-07	0.5539109195573	0.048	0.096	0.0110562073910227	c12	ELMO1
3.02971472991868e-07	0.663263934308737	0.26	0.427	0.0110890588829754	c12	ARL6IP1
3.03698935593988e-07	0.495197977944372	0.325	0.537	0.0111156847416756	c12	SEPTIN7
3.11012521979671e-07	0.222551304341358	0.039	0.083	0.0113833693169779	c12	CTSZ
3.11907299847849e-07	0.383205667699681	0.032	0.072	0.0114161190817311	c12	MRPS22
3.12226555495812e-07	0.403694656819319	0.032	0.073	0.0114278041577022	c12	SEC22B
3.13892276403104e-07	0.648977599107438	0.075	0.135	0.01148877120863	c12	ABCF1
3.15192222374959e-07	0.516034157436789	0.044	0.09	0.0115363505311459	c12	CNDP2
3.16416407279044e-07	0.765820475176874	0.094	0.162	0.0115811569228203	c12	EFHD2
3.17806948095371e-07	0.807432801438626	0.076	0.136	0.0116320521072387	c12	COPB1
3.18193134029268e-07	0.340990026402987	0.025	0.062	0.0116461868986053	c12	IFT57
3.18709434603143e-07	0.291499792900924	0.036	0.078	0.0116650840159096	c12	MARS
3.19222019353737e-07	0.437750958281363	0.022	0.059	0.0116838451303661	c12	SNUPN
3.23382616261676e-07	0.362144284599342	0.031	0.071	0.0118361271377936	c12	ZNF276
3.30256871521446e-07	0.524916189133541	0.047	0.094	0.0120877317545564	c12	HSPH1
3.32134544688483e-07	0.522393168404221	0.044	0.09	0.0121564564701432	c12	DRG2
3.36960613784936e-07	0.354895215040225	0.043	0.089	0.0123330954251425	c12	GMCL1
3.44408781506882e-07	0.652571471812983	0.037	0.081	0.0126057058119334	c12	VAV1
3.45318019640228e-07	0.152555473494653	0.016	0.048	0.012638984836852	c12	RPUSD1
3.50540746200449e-07	0.67448405935262	0.061	0.114	0.0128301418516827	c12	INTS10
3.60576135839603e-07	0.131968580975437	0.022	0.058	0.0131974471478653	c12	DPH7
3.69227677023963e-07	0.234088751747406	0.024	0.061	0.0135141022067541	c12	TBP
3.69880321160333e-07	0.182959636779854	0.017	0.049	0.0135379896347894	c12	RPUSD2
3.72856430585053e-07	0.413962500533867	0.027	0.064	0.0136469182158435	c12	AP2A1
3.81369180041851e-07	0.425126991004516	0.033	0.074	0.0139584933587118	c12	STAMBP
3.83274800310077e-07	0.348843042674149	0.406	0.598	0.0140282409661491	c12	IL7R
3.86043310009045e-07	0.20811586701583	0.019	0.053	0.0141295711896411	c12	MAPK13
3.93877744373249e-07	0.681129453338639	0.096	0.165	0.0144163193218053	c12	SERINC3
3.99063457856659e-07	0.698682386865426	0.194	0.316	0.0146061216210116	c12	DDX46
4.02880717071253e-07	2.08799399908399	0.119	0.086	0.0147458371255249	c12	MON2
4.06908672620477e-07	0.606111814828726	0.067	0.123	0.0148932643265821	c12	PPP1R15A
4.11807125887904e-07	0.557515935069544	0.03	0.069	0.0150725526146232	c12	ABCF2
4.14719751753732e-07	0.378478785030625	0.037	0.079	0.0151791576339384	c12	KIN
4.14789226592428e-07	0.522050941065329	0.036	0.078	0.0151817004825095	c12	LTBP4
4.14992326190348e-07	0.137203005978756	0.019	0.053	0.0151891341308929	c12	NUP62
4.18758119053916e-07	3.39843213941282	0.017	0.006	0.0153269659154924	c12	AL450352.1
4.18769077943795e-07	0.238106023080958	0.023	0.059	0.0153273670218209	c12	GTPBP10
4.3021581551092e-07	0.57849290568905	0.041	0.085	0.0157463290635152	c12	FXN
4.31425680361013e-07	0.353241100472646	0.038	0.081	0.0157906113268934	c12	UBE2Q2
4.36235778258464e-07	0.705228078496469	0.056	0.108	0.015966665720038	c12	CASP8AP2
4.40052417211484e-07	3.0719278391587	0.013	0.004	0.0161063585223575	c12	CMKLR1
4.42286831829959e-07	0.337278667698712	0.024	0.06	0.0161881403318083	c12	SETD3
4.43369220637281e-07	2.67549965334968	0.03	0.013	0.0162277568445451	c12	AL512625.3
4.44632992432097e-07	0.158027994907392	0.017	0.049	0.0162740121560072	c12	DUSP22
4.46886595944127e-07	0.405252765720247	0.032	0.073	0.016356496298151	c12	HGS
4.48554066999678e-07	0.991463107209374	0.441	0.548	0.0164175274062552	c12	HSP90B1
4.52669961969641e-07	0.23707800409122	0.032	0.073	0.0165681732780508	c12	ETF1
4.57101725362631e-07	0.492414988687865	0.04	0.084	0.0167303802499977	c12	AIDA
4.57396496351247e-07	0.822802582644291	0.181	0.296	0.016741169162952	c12	TMED10
4.60626023361468e-07	0.306638786291613	0.027	0.065	0.0168593730810531	c12	LPAR6
4.6431691613842e-07	0.464046054774149	0.042	0.087	0.0169944634475823	c12	NOP14
4.69708360046427e-07	0.263184010322091	0.022	0.058	0.0171917956860593	c12	RRP15
4.71334893490332e-07	0.375480828887224	0.027	0.064	0.0172513284366396	c12	JMJD6
5.0245440041957e-07	0.13903726284854	0.019	0.053	0.0183903335097567	c12	MBD2
5.10034541057e-07	0.11492241946898	0.017	0.049	0.0186677742372272	c12	RRP1
5.23853394915819e-07	0.809340799265065	0.053	0.102	0.0191735581073139	c12	KIF22
5.25293100120705e-07	0.142575717955407	0.023	0.059	0.0192262527575179	c12	POLR2D
5.30435906584124e-07	0.369784769081247	0.035	0.076	0.0194144846168855	c12	MVD
5.35731206162421e-07	0.623093638752511	0.027	0.065	0.0196082978767508	c12	CREB3
5.42124958577858e-07	0.566358990335562	0.062	0.114	0.0198423156089082	c12	FOS
5.46120589243567e-07	0.164189458100924	0.021	0.055	0.0199885596869038	c12	HCP5
5.53846183605162e-07	0.14621901541655	0.026	0.062	0.0202713241661325	c12	RNPEPL1
5.60848507744875e-07	0.312851647593164	0.028	0.066	0.0205276162319702	c12	TMEM138
5.74284335396107e-07	0.141307485507529	0.016	0.047	0.0210193809598329	c12	BDH2
5.78333271091031e-07	0.481006981779249	0.035	0.076	0.0211675760552028	c12	PTGES2
5.81960282159956e-07	0.771759319279771	0.143	0.234	0.0213003282873365	c12	BAZ1A
5.83867155424896e-07	0.76490594650417	0.061	0.113	0.0213701217557066	c12	H1FX
5.87698300104445e-07	0.530235911303247	0.027	0.065	0.0215103454821228	c12	RANBP3
5.89326746367691e-07	0.287462072059016	0.068	0.122	0.0215699482438039	c12	LAG3
5.92132109170452e-07	0.778564258968023	0.079	0.14	0.0216726273277477	c12	ODF2L
5.93650026370614e-07	0.294268963759124	0.018	0.051	0.0217281846151908	c12	UBE2Z
5.94329841173194e-07	0.58020445575319	0.059	0.11	0.0217530665167801	c12	ZFAND5
5.97157429600621e-07	0.584942369104504	0.07	0.125	0.0218565590808123	c12	CD55
5.97243680494581e-07	0.13101251525974	0.012	0.042	0.0218597159497822	c12	UTP4
6.10813688368302e-07	0.623198338259851	0.047	0.094	0.0223563918079682	c12	PFKP
6.2075643181797e-07	0.649288488539298	0.071	0.128	0.0227203061609695	c12	MOB4
6.20907711294918e-07	0.631609302959044	0.023	0.059	0.0227258431411053	c12	TXLNG
6.23025329161916e-07	0.219152351838818	0.027	0.063	0.0228033500726553	c12	TOPBP1
6.31848002368843e-07	0.210690346100114	0.021	0.055	0.023126268734702	c12	METAP1
6.33067189595529e-07	2.11482974002003	0.091	0.061	0.023170892206386	c12	NSF
6.3922134059674e-07	0.358663346183954	0.244	0.377	0.0233961402871813	c12	HLA-DRB5
6.39713614799423e-07	0.607445806952898	0.057	0.108	0.0234141580152737	c12	ATG5
6.53251080182273e-07	0.716067810151204	0.065	0.119	0.0239096427857514	c12	PSMD1
6.59579537967165e-07	0.444337348479105	0.03	0.068	0.0241412706691362	c12	MOCS2
6.70023358947909e-07	0.354142969083715	0.027	0.063	0.0245235249608524	c12	SRSF6
6.7143753402984e-07	0.432708109182398	0.02	0.053	0.0245752851830262	c12	PCMTD2
6.77933220197528e-07	0.656887720169577	0.071	0.128	0.0248130337924497	c12	FMNL1
6.77964553270516e-07	0.458880690178021	0.284	0.463	0.0248141806142542	c12	HNRNPA3
6.92357802527631e-07	0.403155302916896	0.027	0.063	0.0253409879303138	c12	TRAFD1
7.16161425008163e-07	0.486918190684307	0.023	0.058	0.0262122243167238	c12	PAIP1
7.21629032442329e-07	0.868740045901913	0.102	0.173	0.0264123442164217	c12	LY9
7.22650882916752e-07	0.155692928087311	0.458	0.717	0.0264497449656361	c12	CYBA
7.30756749009805e-07	0.691823585674936	0.084	0.145	0.0267464277705079	c12	SEC31A
7.36719743682056e-07	0.651171716517351	0.202	0.327	0.0269646793385069	c12	RAD21
7.5124005296374e-07	0.140402236898431	0.021	0.054	0.0274961371785258	c12	MYLIP
7.5599969721602e-07	0.489407197456549	0.037	0.079	0.0276703449178035	c12	ESCO1
7.69564793821816e-07	0.461143352968718	0.027	0.063	0.0281668410186723	c12	PI4KB
7.82647595842824e-07	0.69536380816875	0.036	0.076	0.0286456846554432	c12	SUZ12
7.83548788082154e-07	0.248244715333665	0.031	0.069	0.0286786691925949	c12	MRPS9
7.97538957722903e-07	0.43662737093586	0.041	0.083	0.029190723391616	c12	ZDHHC3
8.02175259593466e-07	0.622893531146015	0.057	0.107	0.0293604166763804	c12	KAT8
8.23831770939578e-07	0.112541226941222	0.015	0.045	0.0301530666481595	c12	PDCL
8.27772706483246e-07	0.35171373078547	0.041	0.083	0.0302973088299933	c12	CD226
8.39394586783038e-07	0.418945214424608	0.024	0.059	0.030722681270846	c12	GCDH
8.45549583679962e-07	0.578698405752506	0.037	0.078	0.0309479603122703	c12	GLT8D1
8.56134129255448e-07	0.184082312949189	0.019	0.052	0.0313353652648786	c12	BOP1
8.86941485867667e-07	0.3404310577433	0.022	0.055	0.0324629453242425	c12	ITPKB
8.99467826154832e-07	0.750478322754203	0.141	0.231	0.032921421905093	c12	TAGAP
9.07494435130722e-07	0.116907844715838	0.011	0.039	0.0332152038202195	c12	ORC3
9.14764262718876e-07	0.759594150455435	0.143	0.233	0.0334812867797736	c12	FAM49B
9.16050357981225e-07	0.106880371303857	0.022	0.055	0.0335283591524708	c12	YKT6
9.17831388620723e-07	0.243944535791883	0.033	0.072	0.0335935466549071	c12	GPATCH11
9.17905722667083e-07	0.727805249808642	0.068	0.122	0.0335962673553379	c12	CDC5L
9.18963386662045e-07	0.488314208545493	0.029	0.066	0.0336349789152175	c12	THAP1
9.2264303191478e-07	0.413724990418765	0.027	0.064	0.0337696576111129	c12	COMMD10
9.30906472417547e-07	0.486978139694267	0.032	0.071	0.0340721077969546	c12	TOR2A
9.38994089434755e-07	0.404539539957535	0.033	0.072	0.0343681226674015	c12	PIGH
9.44780905295481e-07	0.171096058141401	0.014	0.044	0.0345799259147199	c12	MED25
9.53926335156628e-07	0.566849182436024	0.027	0.063	0.0349146577930678	c12	DDX1
9.80478330942756e-07	0.595459683068442	0.27	0.439	0.0358864873908358	c12	PRMT2
9.89586189191021e-07	0.513021622331696	0.056	0.105	0.0362198441105806	c12	ARPP19
9.96825350988842e-07	0.338133967264145	0.021	0.054	0.0364848046715426	c12	LINC00909
1.00444979824296e-06	0.414997997396043	0.033	0.072	0.0367638670654904	c12	HAT1
1.00708542484219e-06	0.711274969889688	0.528	0.649	0.036860333634649	c12	HLA-DRB1
1.02909148840737e-06	0.677699923078809	0.052	0.1	0.0376657775671982	c12	PRRC2A
1.06216536568272e-06	0.644273550028062	0.248	0.405	0.0388763145493531	c12	HLA-F
1.06368526596305e-06	0.529208603278681	0.037	0.078	0.0389319444195137	c12	DDX23
1.07246040964841e-06	0.619430042097398	0.046	0.09	0.0392531234535416	c12	GOLGA8B
1.08042978458153e-06	0.550663246955068	0.129	0.209	0.0395448105454685	c12	ACTN4
1.10118388884629e-06	0.10532748397271	0.015	0.045	0.0403044315156629	c12	BRAT1
1.10249115578014e-06	0.177186404241772	0.014	0.044	0.0403522787927088	c12	TMEM203
1.11348939669197e-06	0.674793223205319	0.096	0.162	0.0407548254083227	c12	DNAJC3
1.14467622306278e-06	0.776090921323934	0.457	0.538	0.0418962944403209	c12	HLA-DPB1
1.1685164279489e-06	0.747548750763136	0.041	0.083	0.0427688697793578	c12	FAM120AOS
1.17303972236952e-06	0.649591907244675	0.05	0.096	0.0429344268784468	c12	IST1
1.18386396632525e-06	0.112434891320279	0.017	0.048	0.0433306050314703	c12	RANGAP1
1.19699347881928e-06	0.73353288891077	0.082	0.142	0.0438111583182646	c12	SP140
1.20844561930768e-06	0.566106619212201	0.045	0.088	0.0442303181122805	c12	SCRN2
1.21051751901778e-06	0.903302741185962	0.046	0.09	0.0443061517135696	c12	PPA2
1.22695898509973e-06	0.272847615248947	0.027	0.062	0.0449079258136353	c12	MPDU1
1.2314245531919e-06	0.738698192559491	0.068	0.122	0.0450713700713766	c12	TRA2A
1.23739047234489e-06	0.33705038239905	0.03	0.067	0.0452897286782953	c12	DLGAP4
1.25256473884308e-06	0.771283998743753	0.083	0.143	0.0458451220063955	c12	USP3
1.2662871337206e-06	0.856446684093262	0.111	0.185	0.0463473753813076	c12	ANAPC5
1.270209997222e-06	0.848005198971903	0.062	0.114	0.0464909561083224	c12	PXN
1.29281151090117e-06	0.698846272099079	0.046	0.09	0.0473181941104937	c12	ZC3H7A
1.30245970341277e-06	0.773576695350206	0.047	0.092	0.047671327604611	c12	TBC1D1
1.32142395542586e-06	0.172769510494467	0.017	0.047	0.0483654381925419	c12	PLEKHA3
1.32650350247189e-06	0.161314192286508	0.016	0.046	0.0485513546939738	c12	TRMT10B
1.3367331111816e-06	0.484350181445732	0.04	0.081	0.0489257686023579	c12	CXorf38
1.34669893170804e-06	0.413419038817997	0.023	0.057	0.0492905275994459	c12	TNRC6A
1.34843838463055e-06	0.329508805235934	0.026	0.061	0.0493541933158626	c12	KATNA1
1.34867654248288e-06	0.327580922000046	0.037	0.077	0.049362910131416	c12	RNF130
1.34968841388363e-06	0.813797865093027	0.063	0.115	0.0493999456365548	c12	S1PR1
