p_val	avg_log2FC	pct.1	pct.2	p_val_adj	cluster	gene
0	1.03815407595653	0.967	0.654	0	c2	LTB
2.34617254089902e-305	0.386395869173809	1	0.992	8.58722611694451e-301	c2	EEF1A1
6.35971116869967e-250	0.667055494352136	0.905	0.672	2.32771788485576e-245	c2	LDHB
3.43380272931229e-215	0.547500640261402	0.959	0.824	1.25680613695559e-210	c2	FXYD5
2.536676983224e-214	1.17964497049122	0.5	0.263	9.28449142629818e-210	c2	AQP3
1.62483365541749e-195	0.326857969449049	0.998	0.975	5.94705366219356e-191	c2	TPT1
5.43539266411827e-172	0.638997808346864	0.809	0.561	1.98940806899393e-167	c2	IL7R
1.04044398678559e-169	1.07491825017131	0.395	0.194	3.80812903603392e-165	c2	MAL
1.41846859486219e-168	0.31583250205998	0.997	0.964	5.19173690405512e-164	c2	RPL32
1.01192742291656e-157	0.323644200764729	0.992	0.939	3.70375556061692e-153	c2	RPS13
2.39843604864659e-154	0.28597204924269	0.997	0.969	8.77851578165137e-150	c2	RPL11
8.88659647268721e-153	0.311346696575227	0.997	0.958	3.25258317496824e-148	c2	RPL18A
3.98871994253144e-151	0.283236021426434	0.999	0.983	1.45991138616593e-146	c2	RPLP1
6.58379530717688e-150	0.297297879500077	0.999	0.978	2.40973492037981e-145	c2	RPL13
1.1322007855313e-142	0.303161729595312	0.994	0.946	4.14396809512311e-138	c2	RPL29
2.27871833662834e-142	0.331195164894821	0.998	0.958	8.3403369838934e-138	c2	RPS18
1.37716189372338e-141	0.274366887640483	0.998	0.972	5.04055024721696e-137	c2	RPS8
1.29529408383909e-140	0.351883349151864	0.984	0.893	4.74090587625947e-136	c2	RPL9
1.79167946980663e-140	0.347088281836411	0.984	0.907	6.55772602743926e-136	c2	RPL36
7.67371436562596e-139	0.302939709316095	0.996	0.954	2.80865619496276e-134	c2	RPL8
4.07724516986188e-138	0.322017540961859	0.988	0.93	1.49231250462115e-133	c2	RPL37
2.50994693313765e-137	0.303660618579381	0.993	0.948	9.18665676997712e-133	c2	RPS28
1.0892257925269e-135	1.091721914521	0.192	0.07	3.98667532322769e-131	c2	TNFRSF4
6.4503730405814e-132	2.51233902969982	0.102	0.024	2.3609010365832e-127	c2	FUT7
4.13218012678984e-131	0.278545032087225	0.995	0.961	1.51241924820635e-126	c2	RPL34
9.75686363000187e-131	0.69606760994236	0.629	0.411	3.57110965721698e-126	c2	NOSIP
2.68457562356574e-129	0.322131945353361	0.988	0.926	9.82581523981296e-125	c2	RPSA
4.62670399828496e-128	0.326083196870004	0.989	0.936	1.69341993041228e-123	c2	RPLP0
1.99682478123444e-127	0.301633035330239	0.992	0.935	7.30857838179619e-123	c2	RPS25
4.75963500433544e-126	0.27222748087774	0.999	0.959	1.74207400793681e-121	c2	RPS3A
6.40864180058572e-125	0.27580521132283	0.994	0.955	2.34562698543238e-120	c2	RPL18
1.206142336965e-120	0.300499349652214	0.996	0.953	4.41460156752559e-116	c2	RPS4X
1.0444283040225e-119	0.308448868531205	0.992	0.936	3.82271203555277e-115	c2	RPS6
1.01430615913652e-117	0.31722131745613	0.996	0.966	3.71246197305558e-113	c2	TMSB10
5.36529105030342e-117	0.255469421222856	0.998	0.965	1.96375017732155e-112	c2	RPL19
2.61471823395628e-115	0.225500057498861	0.999	0.977	9.57013020810338e-111	c2	RPL28
1.84452555657249e-114	1.17236050578879	0.241	0.109	6.75114798961096e-110	c2	CRIP2
1.99725173770378e-112	0.265168030151465	0.994	0.954	7.31014108516961e-108	c2	RPL39
5.52707520729772e-112	0.53442877173748	0.793	0.645	2.02296479662304e-107	c2	EEF2
9.58727727576033e-111	0.335331716149278	0.957	0.842	3.50903935570104e-106	c2	RPL22
1.08252466253311e-107	0.361843543922797	0.945	0.811	3.96214851733744e-103	c2	RPL4
2.26898498185068e-107	0.889700007298847	0.39	0.226	8.30471193207168e-103	c2	TIMP1
1.68248090447517e-106	0.246540373461854	0.998	0.978	6.15804835846957e-102	c2	RPS12
2.34440450106551e-106	0.224250807276172	0.999	0.985	8.58075491434988e-102	c2	RPL10
1.35155171438309e-105	0.607603112105318	0.601	0.407	4.94681442981353e-101	c2	FLT3LG
5.12871084783667e-105	0.276535072362545	0.99	0.923	1.8771594574167e-100	c2	RPL5
6.51045931773858e-101	0.410883964387725	0.849	0.682	2.3828932148855e-96	c2	SARAF
8.53426177250018e-100	0.293470557898481	0.98	0.896	3.12362515135279e-95	c2	RPL10A
3.60836213666583e-99	0.342600310417388	0.941	0.789	1.32069662564106e-94	c2	EEF1G
3.79606022832848e-99	0.281856826946288	0.99	0.919	1.38939600417051e-94	c2	RPS5
5.20058983010494e-99	0.64804008003138	0.485	0.309	1.90346788371671e-94	c2	TMEM123
7.34259109617445e-99	2.86597988493262	0.055	0.009	2.68746176711081e-94	c2	CCR10
1.60446111861618e-96	0.26429361319363	0.989	0.931	5.8724881402471e-92	c2	RACK1
5.32786351701621e-96	0.59999240643465	0.713	0.524	1.9500513258631e-91	c2	JUNB
6.31960584805594e-95	0.624134678957517	0.524	0.348	2.31303893644695e-90	c2	RNASET2
9.86942216434321e-92	0.446852469780791	0.785	0.611	3.61230720637126e-87	c2	GSTK1
5.11715171391661e-90	0.206187498173755	0.999	0.983	1.87292869881062e-85	c2	RPL41
7.1643113058361e-90	0.229414841303909	0.997	0.957	2.62220958104907e-85	c2	RPS23
1.19814224603288e-88	0.768038890019648	0.429	0.273	4.38532043470493e-84	c2	CORO1B
4.31636214643916e-88	0.213744413283884	0.996	0.969	1.5798317092182e-83	c2	RPL30
8.40652977262827e-87	0.263102808135034	0.979	0.891	3.07687396207967e-82	c2	RPL24
8.41795898367658e-86	0.23781914792269	0.993	0.94	3.08105716761547e-81	c2	RPLP2
3.3610995025928e-85	0.467039453311654	0.752	0.62	1.23019602894399e-80	c2	PABPC1
8.55260154664509e-84	0.304405962993929	0.93	0.791	3.13033769208757e-79	c2	RPL7
2.04532653856785e-83	0.650442276636926	0.426	0.273	7.48609966381218e-79	c2	PLSCR3
3.70176499805085e-83	0.222870975587024	0.996	0.952	1.35488300693659e-78	c2	RPL12
4.03668142871201e-82	0.255423421510426	0.985	0.914	1.47746576972288e-77	c2	RPS16
1.23225137110916e-81	0.253499142503045	0.983	0.915	4.51016324339664e-77	c2	RPL13A
1.12940765726106e-80	0.444749036760764	0.665	0.478	4.13374496634121e-76	c2	EIF3E
4.89243388345321e-80	2.07992957419365	0.084	0.025	1.79067972568271e-75	c2	PI16
1.42194922226493e-77	0.679136623989724	0.396	0.253	5.20447634841185e-73	c2	TRADD
1.2823172003737e-76	0.20235616337162	0.997	0.969	4.69340918508779e-72	c2	RPS27A
1.28589316610634e-76	0.45959722670772	0.624	0.449	4.70649757726582e-72	c2	EIF3L
4.41896047082741e-75	0.503779656994247	0.43	0.278	1.61738372192754e-70	c2	ARHGAP15
2.97240090378704e-74	0.599607597707678	0.404	0.257	1.08792845479509e-69	c2	SELL
3.67818012630434e-73	2.16457564501973	0.085	0.027	1.34625070802865e-68	c2	TTC39C-AS1
4.05488373916315e-73	0.236790462179683	0.992	0.942	1.48412799737111e-68	c2	RPL3
3.09868655010369e-71	0.272197178314834	0.948	0.833	1.13415026420345e-66	c2	EEF1B2
1.11997711230966e-70	0.251893202404776	0.979	0.896	4.09922822876459e-66	c2	RPS9
1.63302785863667e-70	0.234767129305397	0.982	0.915	5.97704526539607e-66	c2	RPL17
6.54689834726168e-70	0.209243511505826	0.995	0.956	2.39623026408125e-65	c2	RPL14
2.28132746728092e-69	0.2182099109799	0.988	0.942	8.34988666299491e-65	c2	RPL6
5.40559476338361e-68	0.725213869571847	0.282	0.164	1.97850173934603e-63	c2	LEF1
6.03529236624571e-68	0.26274971006467	0.957	0.864	2.20897735896959e-63	c2	RPL36A
1.65183857835899e-67	0.310970802441068	0.876	0.727	6.04589438065175e-63	c2	HINT1
4.77306239005969e-67	0.261193221081235	0.979	0.911	1.74698856538575e-62	c2	RPS21
4.52696024295078e-64	0.306758208364155	0.88	0.761	1.65691271852241e-59	c2	RPL38
7.58078872983286e-64	0.434690408598349	0.571	0.414	2.77464448300612e-59	c2	PKM
1.02440548852227e-62	0.309913544400402	0.857	0.71	3.74942652854034e-58	c2	HNRNPA1
1.84408277593072e-61	0.145700209120897	0.986	0.927	6.74952736818404e-57	c2	VIM
4.49313106708346e-61	0.222105608318295	0.984	0.91	1.64453090186322e-56	c2	RPL15
1.12968437560119e-58	1.21133919981015	0.087	0.032	4.13475778313792e-54	c2	CCR4
5.68891654259066e-58	0.188972669542626	0.992	0.944	2.08220034375361e-53	c2	RPL35A
4.50931867863617e-57	0.561174648019211	0.345	0.224	1.65045572956763e-52	c2	ICAM2
1.01865813724265e-56	0.708211419379628	0.234	0.134	3.72839064812181e-52	c2	CD4
1.72614972867087e-56	0.931883609018648	0.19	0.102	6.31788062190825e-52	c2	MYC
3.35343106365032e-56	0.5603374433334	0.306	0.192	1.22738930360665e-51	c2	RCAN3
7.40113107924862e-55	0.177192087605271	0.996	0.96	2.70888798631579e-50	c2	RPS15
1.26529839085376e-54	0.26055460465856	0.927	0.801	4.63111864036385e-50	c2	BTF3
8.13193144661051e-53	1.18163641173048	0.113	0.05	2.97636822877391e-48	c2	WDR86-AS1
2.52198084136169e-52	0.384725912857335	0.653	0.51	9.23070207746793e-48	c2	CNN2
2.73066614371567e-51	0.362426226422781	0.441	0.308	9.99451115261374e-47	c2	PBXIP1
4.38571952781018e-51	0.2488192927166	0.928	0.792	1.6052172043738e-46	c2	RPL27
4.38886326831682e-51	0.198309792977292	0.999	0.966	1.60636784483664e-46	c2	RPS27
7.34661727662631e-51	0.175685882954728	0.968	0.892	2.688935389418e-46	c2	S100A4
7.35150569852529e-51	0.471451820566506	0.362	0.244	2.69072460071724e-46	c2	CDKN1B
1.130790555463e-50	0.425723194212329	0.398	0.274	4.13880651205012e-46	c2	ADD3
1.20194080249475e-50	0.684324753294648	0.252	0.154	4.39922353121102e-46	c2	PIM2
1.23406952700564e-50	1.08229669833139	0.126	0.06	4.51681787579333e-46	c2	IL6R
3.74251455790461e-50	0.205323876360532	0.972	0.879	1.36979775333867e-45	c2	UBA52
1.40337291394597e-49	0.296698312827387	0.474	0.341	5.13648520233365e-45	c2	ITGB1
9.08109491694652e-49	0.186266533248231	0.986	0.914	3.32377155055159e-44	c2	NACA
1.00204878902568e-48	0.336685579356184	0.897	0.786	3.66759877271289e-44	c2	RPS29
1.65513716120622e-48	1.30682407115436	0.071	0.026	6.05796752373089e-44	c2	FOXP3
4.29996736230978e-48	0.582828957233775	0.251	0.154	1.573831054279e-43	c2	DGKA
8.98559843703024e-48	0.938054447527406	0.17	0.093	3.28881888393744e-43	c2	SH3YL1
9.28946949327307e-48	0.170610644582977	0.997	0.964	3.40003872923288e-43	c2	RPS14
1.24041354407101e-47	0.724664043906702	0.256	0.161	4.5400376126543e-43	c2	GPR183
1.32373179530581e-47	0.168648516612931	0.995	0.952	4.84499074399881e-43	c2	RPS7
2.62547604253408e-47	0.325934537225726	0.693	0.545	9.609504863279e-43	c2	TLE5
7.16909973100375e-47	1.81494899665526	0.059	0.019	2.62396219254468e-42	c2	IATPR
4.1489636606819e-46	0.669808489634439	0.218	0.131	1.51856218944618e-41	c2	BIRC3
7.40869273693721e-46	0.162672707145149	0.997	0.964	2.71165562864639e-41	c2	RPS3
9.02218144766261e-46	1.04432916299322	0.16	0.087	3.30220863165899e-41	c2	NPDC1
2.57424516703235e-45	0.50175866563867	0.293	0.191	9.4219947358551e-41	c2	ARID5B
5.30541501798459e-45	0.573764181214229	0.3	0.199	1.94183495073254e-40	c2	CDC25B
1.36007423189381e-44	0.712075867590236	0.25	0.159	4.97800769615452e-40	c2	THEM4
1.75230132459725e-44	0.235558843392689	0.89	0.763	6.4135980781584e-40	c2	NPM1
4.09276538752018e-44	0.272527690891844	0.765	0.608	1.49799305948626e-39	c2	EIF3F
4.2961919113205e-44	0.251743769335143	0.828	0.692	1.57244920146242e-39	c2	RPS20
5.21566536624577e-44	0.367831362232655	0.339	0.227	1.90898568069961e-39	c2	CD82
5.81301067846245e-44	0.364840907928009	0.489	0.361	2.12762003842404e-39	c2	NFKBIA
9.67539763873566e-44	1.06891157958599	0.116	0.057	3.54129228975364e-39	c2	LPAR6
3.83822770773852e-43	0.789778847698152	0.149	0.08	1.40482972330937e-38	c2	SERINC5
4.13906663637388e-43	0.272000318401882	0.651	0.504	1.5149397795792e-38	c2	GPX4
1.59104649855639e-42	0.662954935430727	0.181	0.103	5.82338928936624e-38	c2	S1PR1
4.38566565901488e-42	0.907845156394542	0.193	0.115	1.60519748785604e-37	c2	PASK
9.04168288642874e-42	1.38674114785705	0.08	0.033	3.30934635326179e-37	c2	FXYD1
5.2852762879912e-41	0.585030265019802	0.287	0.194	1.93446397416766e-36	c2	SH3BP5
6.35469678734785e-41	0.180798605292732	0.971	0.902	2.32588257113719e-36	c2	CD52
1.47992474999562e-40	1.6352027767721	0.07	0.028	5.41667257745896e-36	c2	NEFL
1.68618669088712e-40	0.260361493051845	0.638	0.493	6.17161190731594e-36	c2	ANP32B
1.72197501474084e-40	0.262002642668028	0.566	0.429	6.30260075145294e-36	c2	SPOCK2
2.64369021157055e-40	1.16263468544734	0.073	0.03	9.67617054336939e-36	c2	TIAM1
4.6547789845998e-40	0.503186097560622	0.338	0.237	1.70369565615337e-35	c2	C1orf162
6.72083165221708e-40	0.830472172606252	0.113	0.056	2.45989159302797e-35	c2	CCR6
1.36235901179318e-39	0.28829007361385	0.524	0.393	4.98637021906423e-35	c2	NAP1L1
1.49300150372595e-39	0.202040459912941	0.806	0.638	5.46453480378736e-35	c2	SNHG29
2.50663673784983e-39	0.328620631811676	0.47	0.348	9.17454112420416e-35	c2	PRDX2
2.94063660569179e-39	0.279018662170119	0.407	0.289	1.07630240404925e-34	c2	CTSB
5.61346987171794e-39	0.756436842659942	0.165	0.095	2.05458610774749e-34	c2	CD28
5.69534479572798e-39	0.13761148761037	0.999	0.99	2.0845531486844e-34	c2	FTH1
1.00847748627763e-38	0.239259031903165	0.768	0.616	3.69112844752477e-34	c2	NOP53
3.24011838221686e-38	0.260128349094736	0.675	0.53	1.18591572907519e-33	c2	EIF3H
4.70391601971196e-38	0.212761963385866	0.878	0.754	1.72168030237478e-33	c2	RPS11
4.87514800324134e-38	0.627579695877181	0.205	0.127	1.78435292066636e-33	c2	TESPA1
5.38653908636992e-38	0.312326040934682	0.518	0.395	1.97152717100225e-33	c2	ALDOA
6.6502833791356e-38	0.151421445510178	0.997	0.957	2.43407021959742e-33	c2	RPL7A
1.34853267046656e-37	0.651725140917583	0.191	0.116	4.93576442717465e-33	c2	PFKL
2.54665616375922e-37	0.63305196456826	0.207	0.13	9.32101622497513e-33	c2	THOC3
2.94977685521175e-37	0.189315063360769	0.953	0.867	1.07964782677605e-32	c2	RPL37A
6.70052318512488e-37	0.166755236725596	0.977	0.901	2.45245849098756e-32	c2	RPL21
7.88821468752484e-37	0.398998807774433	0.323	0.224	2.88716545778097e-32	c2	EIF2S3
8.15767780074062e-37	0.672647183235608	0.164	0.095	2.98579165184907e-32	c2	LGALS9
1.64089791110168e-36	0.251250313238599	0.553	0.421	6.00585044442328e-32	c2	EIF4B
2.38186296169956e-36	0.165969413353991	0.98	0.906	8.71785662611657e-32	c2	RPL23A
2.47445370796147e-36	0.565522190722228	0.229	0.148	9.05674801650977e-32	c2	SUSD3
4.08439674884139e-36	0.220300732409509	0.709	0.552	1.49493005404344e-31	c2	GAS5
6.66961805658426e-36	0.468240444903659	0.11	0.055	2.4411469048904e-31	c2	TNFRSF18
1.24443850274842e-35	0.372804908662828	0.302	0.207	4.55476936390949e-31	c2	PIK3IP1
1.61965297005514e-35	0.119135204698331	0.598	0.456	5.92809183569883e-31	c2	PLP2
1.9869372894155e-35	0.332632837586287	0.397	0.288	7.27238917298965e-31	c2	SNHG8
3.73609836796775e-35	0.19550409597137	0.859	0.718	1.36744936365988e-30	c2	RPL27A
7.63808938559665e-35	0.330237405765111	0.455	0.345	2.79561709602223e-30	c2	SEPTIN9
1.08139232967879e-34	1.41858529900032	0.07	0.03	3.95800406585733e-30	c2	LINC02762
1.56420562810486e-34	0.584277844269874	0.225	0.148	5.72514901942661e-30	c2	LIMS1
1.95783594110368e-34	0.448112265113773	0.247	0.164	7.1658753280336e-30	c2	INPP4B
2.72463333835253e-34	2.77514621348882	0.018	0.003	9.97243048170408e-30	c2	AIRE
6.00122725547266e-34	0.258841631030451	0.602	0.468	2.19650918777555e-29	c2	SERP1
1.96470741988255e-33	0.170790317875615	0.969	0.89	7.19102562751211e-29	c2	RPL35
3.18056249155597e-33	0.68161589954484	0.166	0.101	1.1641176775344e-28	c2	CFAP36
3.30272227946952e-33	0.212131640064132	0.825	0.686	1.20882938150864e-28	c2	EIF3K
4.27658196188532e-33	0.707109598717943	0.152	0.09	1.56527176386964e-28	c2	TNFRSF25
5.87074067991528e-33	0.188353189975651	0.943	0.841	2.14874979625579e-28	c2	PFDN5
7.14416313940608e-33	0.233198240353343	0.755	0.607	2.61483515065402e-28	c2	LIMD2
1.53504258182594e-32	0.251456408243582	0.68	0.55	5.61840935374112e-28	c2	LIME1
2.27418160631535e-32	0.139889883108052	0.995	0.951	8.32373209727482e-28	c2	RPL26
2.55841568513928e-32	0.848432273090285	0.135	0.077	9.36405724917827e-28	c2	SPINT2
3.1127894698771e-32	0.188589655721341	0.215	0.136	1.13931207386972e-27	c2	CD40LG
4.61040158201913e-32	0.166112998706455	0.915	0.808	1.68745308303482e-27	c2	S100A10
8.47789633032012e-32	0.281898637872336	0.452	0.344	3.10299483586047e-27	c2	ATP5PD
1.40746525077115e-31	0.188214327912505	0.891	0.769	5.15146356434748e-27	c2	ITM2B
1.88019148713244e-31	1.62024391515155	0.043	0.015	6.88168886205343e-27	c2	F5
1.88177232101853e-31	0.280902087025718	0.443	0.336	6.88747487215991e-27	c2	CD69
3.15712267864621e-31	0.408565936341578	0.29	0.205	1.1555384716113e-26	c2	TTC39C
3.9370132288414e-31	0.135676521657407	0.997	0.971	1.44098621188824e-26	c2	RPS15A
4.41357205277552e-31	0.267040744918658	0.499	0.388	1.61541150703637e-26	c2	ANXA11
5.13020135972819e-31	0.426312049266588	0.288	0.204	1.87770499967411e-26	c2	RASGRP2
6.2810282839686e-31	0.203024366626712	0.846	0.71	2.29891916221535e-26	c2	TOMM7
7.31449985418171e-31	0.145126016836436	0.997	0.966	2.67718009162905e-26	c2	RPS19
9.22564317726676e-31	0.263065480926004	0.564	0.443	3.37667765931141e-26	c2	SMDT1
1.02951475681078e-30	0.257165605476444	0.415	0.311	3.76812696140313e-26	c2	MCUB
2.03295954647868e-30	0.837250675748112	0.072	0.033	7.44083523606663e-26	c2	IL2RA
2.31233724915942e-30	0.369473930203283	0.341	0.247	8.46338556564838e-26	c2	TCF7
3.67779903218832e-30	0.193808216322104	0.642	0.514	1.34611122377125e-25	c2	TSPO
5.85149350315654e-30	0.253602336900097	0.51	0.395	2.14170513709032e-25	c2	NSA2
6.89598894666607e-30	0.450821755951686	0.249	0.171	2.52400091436925e-25	c2	GATA3
7.60211400819991e-30	0.23036892147884	0.744	0.635	2.78244974814125e-25	c2	HSPA8
8.96537352516697e-30	0.322396002293285	0.311	0.222	3.28141636394636e-25	c2	CD5
1.03793661979316e-29	0.271916509382482	0.474	0.368	3.79895182210494e-25	c2	PHB2
1.05357859627646e-29	0.175365145846113	0.598	0.473	3.85620302023145e-25	c2	LDHA
1.53399140533944e-29	0.222266024551965	0.667	0.54	5.61456194268287e-25	c2	RPS17
2.43171790871997e-29	0.169265541942082	0.897	0.783	8.90033071770595e-25	c2	RPL31
5.17615391723061e-29	0.240525947203164	0.487	0.379	1.89452409524558e-24	c2	ATP5F1A
1.25192763333535e-28	0.293166354564656	0.432	0.33	4.58218033077072e-24	c2	CALM3
1.3243655106515e-28	0.513575335077496	0.228	0.156	4.84731020553554e-24	c2	CCR7
1.82561951401777e-28	0.206262406679128	0.534	0.418	6.68194998325643e-24	c2	LEPROTL1
1.99968525085157e-28	0.841413625441751	0.138	0.083	7.31904798664182e-24	c2	LINC02273
2.46141756825127e-28	0.255232741895711	0.148	0.088	9.00903444155648e-24	c2	LMNA
3.31067094113639e-28	0.4440211173792	0.256	0.18	1.21173867116533e-23	c2	ADSL
4.64338237903968e-28	0.319259996092223	0.348	0.259	1.69952438455231e-23	c2	OXA1L
3.36480665130331e-27	1.43838394829035	0.052	0.022	1.23155288244352e-22	c2	FAAH2
9.72687298100489e-27	0.199278441116977	0.707	0.577	3.5601327797776e-22	c2	RPL23
1.82147354381466e-26	0.237964139606003	0.517	0.407	6.66677531771605e-22	c2	ISG20
1.93917248960078e-26	0.419098355184398	0.267	0.191	7.0975652291878e-22	c2	CTSA
2.74008295438235e-26	0.315734861128656	0.29	0.21	1.00289776213348e-21	c2	PPP1CC
2.97139163410048e-26	0.205213006382615	0.759	0.636	1.08755905199712e-21	c2	CCNI
4.2388160849314e-26	0.295610512249749	0.338	0.252	1.55144907524574e-21	c2	VSIR
7.67086329276651e-26	0.121332620381925	0.994	0.954	2.80761267378547e-21	c2	FAU
1.32114290497619e-25	1.03494653802265	0.078	0.04	4.83551514650335e-21	c2	HAPLN3
1.33745141299223e-25	0.205665176927525	0.438	0.339	4.89520591669288e-21	c2	PPP1R2
1.84633093363102e-25	0.176741546000663	0.844	0.724	6.7577558501829e-21	c2	COX7C
2.12472449523618e-25	0.311450694520589	0.283	0.205	7.77670412501396e-21	c2	TMEM173
3.01288424607476e-25	1.20172129488732	0.093	0.051	1.10274576290582e-20	c2	FXYD7
4.61509820699871e-25	0.277549762284749	0.256	0.18	1.6891720947436e-20	c2	LTA4H
6.71299568406276e-25	0.232621879439963	0.456	0.358	2.45702355032381e-20	c2	COTL1
6.78903899560701e-25	0.169078114289795	0.707	0.577	2.48485616278212e-20	c2	CNBP
1.22530423631377e-24	0.291020137223993	0.371	0.284	4.48473603533201e-20	c2	POLR1D
1.50855601839442e-24	0.199142561095846	0.506	0.399	5.52146588292543e-20	c2	HNRNPA0
2.38826729785408e-24	0.156956532734119	0.547	0.437	8.7412971368757e-20	c2	PRDX1
4.88378794341678e-24	0.208034671896711	0.446	0.348	1.78751522516998e-19	c2	TSTD1
5.82596582652097e-24	0.184588783549644	0.767	0.637	2.13236175216494e-19	c2	GPSM3
9.16943158969493e-24	0.415224445028475	0.169	0.11	3.35610365614424e-19	c2	SYPL1
1.03930869360538e-23	0.173109434673203	0.434	0.334	3.80397374946505e-19	c2	EIF4A2
1.67018674829924e-23	0.262069844531989	0.326	0.245	6.11305051745004e-19	c2	NPC2
1.80915509213155e-23	0.259653380771204	0.378	0.291	6.62168855271067e-19	c2	TMEM219
4.13374917319226e-23	0.171212838032349	0.84	0.715	1.5129935348801e-18	c2	SLC25A6
5.70128204453788e-23	1.38664260754486	0.048	0.021	2.08672624112131e-18	c2	RTKN2
8.4940420857879e-23	0.483757104328786	0.164	0.109	3.10890434381923e-18	c2	GALT
9.07109447802939e-23	0.99847238841389	0.074	0.039	3.32011128990354e-18	c2	FBLN7
9.69655259309386e-23	0.751323262243081	0.101	0.059	3.54903521459828e-18	c2	PVT1
1.04376235515964e-22	0.205254296964007	0.487	0.387	3.82027459611979e-18	c2	ST13
1.17723904861835e-22	0.147087204045853	0.885	0.779	4.30881264184804e-18	c2	PCBP2
1.25311736223702e-22	0.160750630261827	0.568	0.452	4.58653485752371e-18	c2	CUTA
1.7536273716463e-22	0.133869195485469	0.487	0.379	6.41845154296261e-18	c2	C1QB
1.81512949980619e-22	0.531189641483664	0.193	0.134	6.64355548224064e-18	c2	PTGER2
1.96460457192178e-22	0.175988621442743	0.561	0.451	7.1906491936909e-18	c2	SNHG6
2.1251576341694e-22	0.152343106027254	0.407	0.314	7.77828945682342e-18	c2	TKT
2.24781706150679e-22	0.159906906600061	0.589	0.475	8.22723522682102e-18	c2	UXT
2.27083776378408e-22	0.704826228179119	0.07	0.036	8.31149329922611e-18	c2	CTLA4
2.49123225664875e-22	0.208485940165614	0.413	0.32	9.1181591825601e-18	c2	DNAJB1
2.8445453583143e-22	0.162027087377565	0.508	0.406	1.04113204659662e-17	c2	ZFAS1
4.0233775318007e-22	0.298595335622269	0.352	0.273	1.47259641041437e-17	c2	PPA1
7.80302727414221e-22	0.577910572621274	0.137	0.088	2.85598601260879e-17	c2	RNF214
9.33156054402269e-22	0.928661242008807	0.086	0.049	3.41544447471774e-17	c2	CD79B
1.294998953529e-21	0.192447260888933	0.454	0.359	4.73982566981151e-17	c2	HSPB1
1.32209191982543e-21	0.293124024178087	0.234	0.168	4.83898863575306e-17	c2	TRAT1
1.74438747959745e-21	0.746456055860995	0.086	0.048	6.38463261407463e-17	c2	PELI1
1.92940446741457e-21	0.30657672606815	0.198	0.135	7.06181329118409e-17	c2	IFI27
2.14238907247643e-21	0.174225239357244	0.68	0.559	7.84135824417099e-17	c2	APRT
2.81325384319403e-21	0.225130359748951	0.361	0.279	1.02967903914745e-16	c2	FOXP1
3.19951754736982e-21	0.28531060020171	0.338	0.261	1.17105541751283e-16	c2	IGBP1
3.21498978450469e-21	0.165130794521169	0.463	0.365	1.17671841102656e-16	c2	TOMM20
3.98031543415416e-21	0.216078593681441	0.394	0.309	1.45683525205477e-16	c2	EIF3D
4.48793006959295e-21	0.191827392943505	0.378	0.295	1.64262728477171e-16	c2	TNFAIP8
4.6410817980504e-21	0.54975050352378	0.114	0.07	1.69868234890443e-16	c2	TNFSF8
6.26501994175902e-21	0.153345218682597	0.741	0.615	2.29305994888322e-16	c2	GMFG
1.24264571886078e-20	0.333547807112187	0.369	0.294	4.54820759560235e-16	c2	OCIAD2
1.50247874604894e-20	0.151331384663761	0.525	0.424	5.49922245841371e-16	c2	HMGN1
1.51023251195694e-20	0.148131482632919	0.922	0.835	5.52760201701359e-16	c2	IFITM1
1.53067046985484e-20	0.134106489743705	0.6	0.489	5.6024069867157e-16	c2	TRAF3IP3
1.68505719127012e-20	0.281614255789454	0.231	0.166	6.16747782576776e-16	c2	FLI1
1.77687684382343e-20	0.172041617844751	0.531	0.433	6.50354693607814e-16	c2	NDUFB9
4.11295766704578e-20	0.186430688829373	0.391	0.309	1.50538363571543e-15	c2	RSL1D1
5.44329646633459e-20	0.182319204491124	0.524	0.426	1.99230093964312e-15	c2	EID1
6.2557913302319e-20	0.464730116154237	0.22	0.161	2.28968218477818e-15	c2	DNPH1
6.62116418570429e-20	0.223149231959526	0.344	0.265	2.42341230360963e-15	c2	PDCD5
7.36423643046589e-20	0.305400877740698	0.837	0.749	2.69538417591482e-15	c2	RPS26
1.35082689039881e-19	0.111848283714236	0.249	0.178	4.94416150154868e-15	c2	APOE
1.47836858698e-19	0.199369845847115	0.37	0.288	5.41097686520551e-15	c2	ABHD14B
1.79261558812956e-19	0.176026517253456	0.33	0.253	6.56115231411301e-15	c2	M6PR
1.86169200926287e-19	1.22093214767948	0.029	0.011	6.81397892310302e-15	c2	FRY
1.87461678278424e-19	0.990219165964974	0.057	0.029	6.86128488666859e-15	c2	LY96
1.98693819126357e-19	0.604184144813155	0.148	0.1	7.27239247384379e-15	c2	TRABD2A
2.1684380293095e-19	0.228071700373156	0.307	0.233	7.93670003107571e-15	c2	MAT2B
2.24455546179022e-19	0.334584937809651	0.205	0.146	8.21529744569837e-15	c2	AC119396.1
2.25608636034816e-19	0.412843191708711	0.313	0.245	8.25750168751032e-15	c2	IFITM3
2.90475918650916e-19	0.143700908892617	0.58	0.472	1.06317090985422e-14	c2	PEBP1
4.52299708562563e-19	0.145279306097071	0.742	0.63	1.65546216330984e-14	c2	EVL
5.87861750066645e-19	0.35735480457831	0.23	0.169	2.15163279141893e-14	c2	NECAP2
6.1312868784267e-19	0.866242546801047	0.077	0.044	2.24411231037296e-14	c2	SOCS3
6.88486260080277e-19	0.334586652125095	0.191	0.136	2.51992856051982e-14	c2	RASA3
7.10299300468987e-19	0.115143944246419	0.667	0.538	2.59976646964654e-14	c2	SRSF5
8.02620008031818e-19	0.935988510703383	0.078	0.045	2.93766949139726e-14	c2	LDOC1
8.3830279653581e-19	0.148649190231215	0.967	0.901	3.06827206560072e-14	c2	ACTG1
9.35276384437396e-19	0.204714044765015	0.336	0.259	3.42320509467931e-14	c2	SNHG5
1.10479843929366e-18	0.539935934247398	0.135	0.09	4.04367276765873e-14	c2	AC008555.4
1.14305762139273e-18	0.194149521621861	0.359	0.281	4.18370520005954e-14	c2	FKBP1A
1.55798229879446e-18	0.206392873587469	0.166	0.113	5.7023710118176e-14	c2	CTSH
1.57966863413832e-18	0.302104955975977	0.351	0.279	5.78174516780968e-14	c2	FCMR
1.66072873607528e-18	0.160756596662563	0.734	0.617	6.07843324690912e-14	c2	COMMD6
2.25676934336408e-18	0.221901151356819	0.339	0.265	8.26000147364688e-14	c2	DDIT4
2.44382205334848e-18	0.213457607094206	0.387	0.308	8.94463309746079e-14	c2	FBL
2.51357477541608e-18	0.467979117378402	0.118	0.075	9.19993503550038e-14	c2	LGALS3BP
2.68261864346892e-18	0.167663741181847	0.289	0.219	9.81865249696059e-14	c2	TAGAP
2.98696823976881e-18	0.197194799119032	0.384	0.305	1.09326024543778e-13	c2	ZYX
3.00573231052486e-18	0.285078033585464	0.246	0.184	1.1001280829752e-13	c2	TRABD
4.3347831983232e-18	0.742721466873986	0.077	0.044	1.58657399841828e-13	c2	FBXL8
4.60331984431114e-18	0.901918232928328	0.069	0.039	1.68486109621632e-13	c2	CYSLTR1
5.48005006927369e-18	0.185244202671019	0.419	0.337	2.00575312585486e-13	c2	RTRAF
5.62153024476677e-18	0.136012461878011	0.636	0.53	2.05753628488709e-13	c2	SOD1
6.60800848984956e-18	0.17939102161622	0.24	0.178	2.41859718736984e-13	c2	CLDND1
7.00844470969182e-18	0.140295344637115	0.572	0.463	2.5651608481943e-13	c2	ATP5PO
1.0705678936864e-17	0.143787276908917	0.385	0.307	3.91838554768159e-13	c2	NDFIP1
1.07132499435914e-17	0.373315948464903	0.155	0.106	3.92115661185387e-13	c2	FOS
1.10730681463981e-17	0.129606016786659	0.675	0.573	4.05285367226317e-13	c2	TSC22D3
1.20992270930924e-17	0.409568383009143	0.179	0.127	4.42843810834276e-13	c2	USP10
1.26254074157131e-17	0.412919351314347	0.119	0.077	4.62102536822516e-13	c2	TOM1
1.27016939275713e-17	0.14546185390925	0.616	0.506	4.64894699443037e-13	c2	UBXN1
1.41777639822339e-17	0.959944750752217	0.059	0.031	5.18920339513742e-13	c2	GCSAM
2.10653281713728e-17	0.699482007608497	0.1	0.063	7.71012076400415e-13	c2	TMEM63A
2.19305969763421e-17	0.203563656546885	0.343	0.269	8.02681779931099e-13	c2	ALKBH7
2.710231121936e-17	0.148664226752456	0.425	0.343	9.91971692939794e-13	c2	NDUFA12
2.89256494674844e-17	0.772204695643694	0.079	0.047	1.0587076961594e-12	c2	APP
3.04629144215636e-17	0.140914269355444	0.392	0.313	1.11497313074365e-12	c2	SYNGR2
3.99571121481017e-17	0.296900368594367	0.258	0.198	1.46247026173267e-12	c2	MFNG
4.71035195338932e-17	0.167505588745377	0.361	0.285	1.72403591846003e-12	c2	C1QBP
4.73351008147113e-17	0.533588462769441	0.152	0.106	1.73251202491925e-12	c2	ATF7IP2
5.00923851116555e-17	0.428594082220867	0.173	0.124	1.8334313874717e-12	c2	LDLRAP1
7.3682662201748e-17	0.111892349422185	0.504	0.413	2.69685911924618e-12	c2	H2AFZ
7.92156406122367e-17	0.756867200396818	0.094	0.058	2.89937166204848e-12	c2	FBLN5
8.80070773291729e-17	0.664316470074284	0.07	0.04	3.22114703732506e-12	c2	CYB561
1.11460758788588e-16	0.165588753576213	0.4	0.321	4.07957523242111e-12	c2	PSMC5
1.21332419016229e-16	0.352245111630545	0.176	0.126	4.44088786841302e-12	c2	CRTAP
1.24614104173523e-16	0.220952179347576	0.236	0.176	4.5610008268551e-12	c2	GCHFR
1.35103568124891e-16	0.109351034779663	0.969	0.88	4.94492569693915e-12	c2	EEF1D
1.50152437475986e-16	0.205089532520813	0.258	0.197	5.49572936405858e-12	c2	MAX
1.54400962028129e-16	0.119417066447419	0.417	0.333	5.65122961119154e-12	c2	XRCC6
1.78707553549195e-16	0.125716344865463	0.738	0.614	6.5408751674541e-12	c2	CD48
1.81977313478938e-16	0.294451438615545	0.208	0.154	6.6605516506426e-12	c2	ABLIM1
2.25115115906477e-16	0.158400318944357	0.547	0.454	8.23943835729295e-12	c2	HMGN2
2.26440960241643e-16	0.235546770993673	0.209	0.154	8.28796558580439e-12	c2	TNFSF10
2.60645848379139e-16	0.273432993369393	0.244	0.185	9.53989869652488e-12	c2	VPS51
3.48202487389572e-16	1.03544714822445	0.051	0.027	1.27445592409457e-11	c2	INF2
3.99523941892204e-16	1.7868774223075	0.025	0.01	1.46229757971966e-11	c2	ST6GALNAC1
5.55090749738106e-16	0.271420560097615	0.249	0.19	2.03168765311644e-11	c2	ANXA7
5.59512194243112e-16	0.316395689832283	0.144	0.099	2.04787058214922e-11	c2	QARS
7.08007867384972e-16	1.31203172434347	0.028	0.011	2.59137959541574e-11	c2	GPR146
7.59373676336661e-16	0.619354180623467	0.075	0.045	2.77938359275981e-11	c2	MAP3K1
7.67725721149066e-16	0.106298091456236	0.704	0.59	2.8099529119777e-11	c2	CIRBP
8.07350209138143e-16	0.948048130451276	0.062	0.035	2.95498250046652e-11	c2	TNFSF13B
8.10153343593695e-16	0.247976936857915	0.277	0.216	2.96524225288728e-11	c2	R3HDM4
8.9591699079242e-16	0.183620833728888	0.654	0.556	3.27914577799934e-11	c2	UCP2
1.13818561403976e-15	0.112632908856785	0.511	0.422	4.16587316594693e-11	c2	UBE2D3
1.19645199431433e-15	0.132653789208684	0.405	0.326	4.37913394438989e-11	c2	RAP1A
1.29787511437191e-15	0.218028408636685	0.229	0.171	4.75035270611264e-11	c2	TNIP1
1.58932035327274e-15	0.343448090131804	0.168	0.121	5.81707142501355e-11	c2	TOB1
1.61340194015077e-15	0.158542183098776	0.448	0.365	5.90521244114582e-11	c2	CD27
1.62483429303565e-15	0.114905773284402	0.259	0.198	5.94705599593979e-11	c2	CYLD
1.82911360381756e-15	0.210340134371212	0.215	0.159	6.69473870133265e-11	c2	LRP10
2.0397868168021e-15	0.299506381618394	0.195	0.145	7.46582372817737e-11	c2	TMEM14C
2.26928325397913e-15	0.541781261536526	0.078	0.047	8.30580363788902e-11	c2	TIFA
2.30413959177005e-15	0.121656339957943	0.755	0.639	8.43338131983757e-11	c2	PCED1B-AS1
4.24753319654626e-15	0.132973092335332	0.527	0.433	1.5546396252679e-10	c2	C19orf53
4.44217691240559e-15	0.129833875631775	0.813	0.698	1.62588117170957e-10	c2	MIF
4.59036284380858e-15	0.279898143965739	0.157	0.111	1.68011870446238e-10	c2	MAN2B1
5.21316888137728e-15	1.26330072474773	0.028	0.012	1.9080719422729e-10	c2	WDR86
6.1233713030728e-15	0.594436440702264	0.107	0.071	2.24121513063768e-10	c2	SESN3
6.49599927662591e-15	0.326321855209776	0.123	0.083	2.37760069523785e-10	c2	CBLL1
7.81400478093986e-15	0.109846982969726	0.616	0.511	2.8600038898718e-10	c2	NDUFA4
1.04779222589632e-14	0.17998037483134	0.31	0.245	3.83502432600313e-10	c2	DSTN
1.05477801544604e-14	1.91538140405153	0.012	0.003	3.86059301433404e-10	c2	E2F2
1.12614352704658e-14	0.23490675901948	0.258	0.2	4.1217979233432e-10	c2	HMGA1
1.14194149415863e-14	0.742814797463911	0.087	0.055	4.17962006277001e-10	c2	SLC40A1
1.18026936812077e-14	0.23230009513902	0.203	0.151	4.31990391425884e-10	c2	HMGN4
1.48363646943887e-14	0.126342561944758	0.375	0.304	5.43025784179321e-10	c2	EVI2B
1.61872382186286e-14	0.447340491702623	0.156	0.113	5.92469106040025e-10	c2	ADI1
1.70015568637256e-14	0.149496614336528	0.311	0.247	6.22273982769221e-10	c2	SYTL1
1.77741856408378e-14	0.244586775217941	0.176	0.128	6.50552968640303e-10	c2	ATIC
1.88883714431316e-14	0.389423015128543	0.152	0.109	6.91333283190061e-10	c2	CA5B
2.05739619874378e-14	0.640094734295224	0.065	0.038	7.53027582702212e-10	c2	FHL1
2.11699372083499e-14	0.544827449939155	0.076	0.046	7.74840871762813e-10	c2	PLK3
2.89705250442028e-14	0.443532923499995	0.093	0.06	1.06035018714287e-09	c2	ECE1
2.90103384920178e-14	0.165072176566521	0.317	0.254	1.06180739914634e-09	c2	TMEM14B
3.79056134881045e-14	0.235359479935963	0.096	0.061	1.38738335927811e-09	c2	NCF2
3.98097518333976e-14	0.747826080117791	0.057	0.032	1.45707672685419e-09	c2	USP46
5.2528115580649e-14	0.124191776408669	0.174	0.125	1.92258155836733e-09	c2	CTSL
5.53878300438001e-14	0.293860807398834	0.204	0.155	2.02724996743313e-09	c2	CMTM7
5.82457885422608e-14	1.27790647761531	0.037	0.018	2.13185410643529e-09	c2	VIPR1
5.99854688324695e-14	0.36577378659345	0.147	0.105	2.19552814473721e-09	c2	RGS14
6.39202449219775e-14	1.13759621475367	0.018	0.006	2.3395448843893e-09	c2	PTPN13
8.83228123661068e-14	0.130053047791479	0.339	0.274	3.23270325541188e-09	c2	CCT3
9.53898150652693e-14	0.215339767355674	0.148	0.105	3.49136262120392e-09	c2	MX1
9.62860725237248e-14	0.466966630011006	0.145	0.104	3.52416654044085e-09	c2	TP53TG1
1.03012936619753e-13	0.16248453244326	0.246	0.19	3.77037649321958e-09	c2	ITGB7
1.20517894953782e-13	0.178876016673811	0.213	0.161	4.41107547320336e-09	c2	ELOVL5
1.73461428269113e-13	0.292709057228767	0.193	0.147	6.34886173607779e-09	c2	HPCAL1
1.73537990716126e-13	0.210634556030753	0.238	0.186	6.35166399820093e-09	c2	TMEM243
1.7448253260199e-13	0.447445806775674	0.051	0.028	6.38623517576542e-09	c2	TBXAS1
1.85581868565372e-13	0.291485006954826	0.196	0.148	6.79248197136118e-09	c2	EIF2A
2.35413675309496e-13	0.136647133238294	0.31	0.249	8.61637593000286e-09	c2	ZC3HAV1
3.62425990798779e-13	0.236895995825868	0.19	0.143	1.32651536892261e-08	c2	SOD2
4.3087543528857e-13	0.10606810047443	0.396	0.325	1.57704718069969e-08	c2	TALDO1
4.31612350040101e-13	0.130469197605049	0.275	0.218	1.57974436238177e-08	c2	PRKCQ-AS1
5.02290515250725e-13	0.150088781097234	0.313	0.251	1.83843351486918e-08	c2	KLF2
5.21123761390959e-13	0.156551738100257	0.184	0.137	1.90736507906705e-08	c2	ASAH1
5.47283453501215e-13	0.15053579669874	0.312	0.251	2.0031121681598e-08	c2	IL16
5.79989337752855e-13	0.111864535005992	0.29	0.23	2.12281897510922e-08	c2	GDI2
8.29670064002104e-13	0.555734197517207	0.064	0.038	3.0366754012541e-08	c2	IFNGR2
8.5770439232544e-13	0.192564241139772	0.232	0.18	3.13928384635034e-08	c2	CRBN
1.21167652899677e-12	0.307399853546655	0.165	0.123	4.43485726378107e-08	c2	STMN3
1.43868683107335e-12	0.128221116317741	0.257	0.203	5.26573767041158e-08	c2	SLC2A3
1.89079898421514e-12	0.129205445834529	0.354	0.29	6.92051336212584e-08	c2	RSL24D1
1.96163137558096e-12	0.547372338596495	0.109	0.076	7.17976699776388e-08	c2	POU2F2
2.16113961138044e-12	0.314235697964069	0.132	0.094	7.90998709161356e-08	c2	OGDH
2.42372658934061e-12	0.298887936968089	0.115	0.08	8.87108168964558e-08	c2	KDSR
2.46247796860915e-12	0.270459219805068	0.156	0.115	9.01291561290636e-08	c2	NMRK1
2.47167382618577e-12	0.268134449369031	0.22	0.173	9.04657337122253e-08	c2	IMPDH2
2.47758738515311e-12	0.179701781502142	0.27	0.216	9.06821758839889e-08	c2	TRAPPC6A
2.77790132088893e-12	2.04824586362627	0.012	0.003	1.01673966245856e-07	c2	LINC00511
3.32392554118947e-12	0.491248617739781	0.086	0.057	1.21658998733076e-07	c2	CEACAM21
3.35300977452013e-12	1.05610062856933	0.027	0.012	1.22723510757211e-07	c2	KIAA1324
3.46565455543751e-12	0.970441215059568	0.046	0.026	1.26846422383568e-07	c2	EEPD1
3.55150214551671e-12	0.138921400346729	0.348	0.286	1.29988530028057e-07	c2	SRP9
3.70684333085098e-12	1.10105299786748	0.044	0.025	1.35674172752477e-07	c2	VSIG1
3.76356755691007e-12	0.145997308261787	0.123	0.086	1.37750336150465e-07	c2	FAS
5.56483363614468e-12	0.239188915696252	0.197	0.152	2.03678475916531e-07	c2	S1PR4
5.77728593345287e-12	0.131465951603698	0.346	0.287	2.11454442450308e-07	c2	ERGIC3
5.88406245102516e-12	0.587518695187082	0.064	0.039	2.15362569769972e-07	c2	CSGALNACT1
6.0098823865279e-12	0.270076169948777	0.138	0.1	2.19967705229308e-07	c2	FAM102A
8.26368536206132e-12	0.254706862555392	0.182	0.14	3.02459147936806e-07	c2	SRSF8
8.78432533008173e-12	0.158519434410822	0.269	0.217	3.21515091406322e-07	c2	UQCRC2
9.47063820236291e-12	0.457607956738617	0.117	0.083	3.46634828844685e-07	c2	TACC3
9.74582129498682e-12	0.111232031226294	0.38	0.316	3.56706805217812e-07	c2	COX7A2L
1.19958702850938e-11	0.124260178599825	0.179	0.133	4.39060848304717e-07	c2	MCEMP1
1.20866340993461e-11	0.915309490811761	0.036	0.019	4.42382894670167e-07	c2	MORC2
1.2718290002065e-11	0.280658871685949	0.204	0.16	4.65502132365581e-07	c2	RILPL2
1.28383366355217e-11	0.10306765801735	0.345	0.283	4.6989595919673e-07	c2	PGLS
1.34768583703306e-11	0.163292352439317	0.196	0.151	4.93266493212468e-07	c2	SORL1
1.47587364400779e-11	0.11016626437325	0.536	0.457	5.40184512443291e-07	c2	C9orf16
1.55202155504044e-11	0.133100080507033	0.227	0.177	5.68055409360353e-07	c2	DNAJA2
1.63353170760342e-11	0.21931772051092	0.186	0.142	5.97888940299927e-07	c2	FLOT2
2.05752486681238e-11	0.144621457923372	0.26	0.208	7.53074676502001e-07	c2	SBDS
2.06283798869724e-11	0.256412700254245	0.179	0.137	7.55019332243078e-07	c2	CHMP3
2.0753205865768e-11	0.397154648120528	0.16	0.121	7.59588087892974e-07	c2	SVIP
2.12226653196177e-11	0.669966111212125	0.061	0.038	7.76770773363327e-07	c2	RCBTB2
2.13271303896947e-11	0.235968644598393	0.176	0.134	7.80594299393215e-07	c2	SPG21
2.30148280557431e-11	0.913177263670236	0.039	0.021	8.42365721668254e-07	c2	MFGE8
2.49522711625136e-11	0.491246015879471	0.088	0.059	9.13278076819159e-07	c2	AHCY
2.59268571561718e-11	0.231340745327525	0.137	0.1	9.48948898773043e-07	c2	VOPP1
2.75671725372445e-11	0.512265699601589	0.074	0.048	1.00898608203569e-06	c2	TBC1D4
2.83880902057042e-11	0.433325546307374	0.095	0.065	1.03903248961898e-06	c2	HAUS4
3.42572104306194e-11	0.408204892943426	0.095	0.065	1.2538481589711e-06	c2	IKBKE
3.4487602267002e-11	0.114856153333267	0.202	0.156	1.26228073057454e-06	c2	TMBIM1
3.64438573839576e-11	0.193007724552792	0.19	0.146	1.33388162411023e-06	c2	SNX2
3.7877788463432e-11	0.364369985237826	0.163	0.124	1.38636493555007e-06	c2	SHMT2
4.53724823624517e-11	0.110136799267442	0.512	0.435	1.66067822694809e-06	c2	SLC25A5
4.90413873892811e-11	0.426137989095005	0.069	0.044	1.79496381983508e-06	c2	ATP8B2
5.12755550991138e-11	0.996329735325248	0.062	0.039	1.87673659218267e-06	c2	TRBV2
5.12923995561685e-11	0.666606649071869	0.095	0.066	1.87735311615532e-06	c2	TSHZ2
5.38543455453686e-11	0.970545715804496	0.038	0.021	1.97112290130604e-06	c2	HRH2
5.55316752249319e-11	0.755215629473203	0.089	0.061	2.03251484490773e-06	c2	BEX3
6.14545325961783e-11	0.194540672378485	0.24	0.193	2.24929734755272e-06	c2	NBEAL1
6.27340230183456e-11	0.116823726592649	0.218	0.171	2.29612797649447e-06	c2	SHKBP1
6.57987895482924e-11	0.144358644429775	0.354	0.296	2.40830149625705e-06	c2	TNFRSF14
6.82718530626293e-11	0.15139798600815	0.215	0.169	2.49881809394529e-06	c2	RNASEH2B
7.09843924970929e-11	0.132579985955101	0.22	0.174	2.5980997497861e-06	c2	PRKCSH
8.75785350003472e-11	0.366761421666798	0.133	0.098	3.20546195954771e-06	c2	SAE1
9.18921434636883e-11	1.66650496153636	0.014	0.005	3.36334434291446e-06	c2	SNED1
9.83879477177882e-11	0.310920937529274	0.193	0.152	3.60109727441877e-06	c2	SIRPG
1.06701721966166e-10	0.364615096904448	0.128	0.094	3.90538972568364e-06	c2	SIGMAR1
1.16926271948838e-10	0.233312435001717	0.243	0.197	4.27961847959941e-06	c2	STAT1
1.336864924856e-10	0.119845324865791	0.196	0.153	4.89305931146543e-06	c2	FGD3
1.34084187723514e-10	0.172193207522422	0.237	0.191	4.90761535486835e-06	c2	PSMB4
1.39107464774255e-10	0.515118403449956	0.092	0.064	5.09147231820249e-06	c2	LHPP
1.41263360366006e-10	0.199050632474499	0.144	0.107	5.17038025275619e-06	c2	PRELID3B
1.49326960359733e-10	1.05742167955326	0.017	0.007	5.46551607612659e-06	c2	ZNF365
1.50817641348451e-10	0.265939646479567	0.188	0.148	5.52007649099466e-06	c2	SNHG16
1.56658238161731e-10	0.225005518555057	0.149	0.111	5.73384817495752e-06	c2	CCNG1
1.63113535853522e-10	0.274151109392016	0.128	0.093	5.97011852577476e-06	c2	LST1
1.63861433772555e-10	0.503293307938716	0.069	0.045	5.99749233750927e-06	c2	CSRNP1
1.79680068179789e-10	0.168963129771324	0.22	0.175	6.57647017544846e-06	c2	CNIH1
1.82198764407762e-10	0.845197717705447	0.034	0.018	6.6686569760885e-06	c2	MGST2
1.88185144901116e-10	0.237246550066109	0.154	0.116	6.88776448852576e-06	c2	CNST
1.88235522419163e-10	1.04889262067524	0.047	0.028	6.8896083560638e-06	c2	TRAV23DV6
2.39886005108533e-10	0.142417317057289	0.214	0.169	8.78006767297742e-06	c2	PLD3
2.42795836782612e-10	0.359935903391539	0.076	0.05	8.88657042208037e-06	c2	STAM
2.58918814206788e-10	0.142136010166332	0.229	0.182	9.47668751878264e-06	c2	MVP
2.6737954135459e-10	0.176719962924487	0.132	0.098	9.78635859311935e-06	c2	DPYD
3.27799149165927e-10	0.187474227685696	0.13	0.095	1.19977766586221e-05	c2	DCK
3.57414749004088e-10	2.07456302002049	0.012	0.004	1.30817372282986e-05	c2	LINC00824
3.68984875622461e-10	0.33628049211742	0.119	0.087	1.35052154326577e-05	c2	DYNLRB1
4.13306432393938e-10	0.300166770315287	0.158	0.121	1.51274287320505e-05	c2	STN1
4.14590647827899e-10	0.160187688811515	0.166	0.127	1.51744323011489e-05	c2	GORASP2
4.23015534128805e-10	1.01221410251744	0.026	0.013	1.54827915646484e-05	c2	FBXL16
4.27079709456104e-10	1.02642050320452	0.032	0.017	1.56315444458029e-05	c2	AC108134.3
5.01965531409911e-10	0.617069971132026	0.05	0.03	1.83724404151342e-05	c2	DAPP1
5.50699554054976e-10	0.392311215665706	0.086	0.059	2.01561543779662e-05	c2	RRS1
6.70735138579679e-10	0.949679182496678	0.045	0.027	2.45495768071548e-05	c2	CFP
6.97738222180017e-10	0.136112176907523	0.256	0.207	2.55379166700108e-05	c2	DBNL
7.28251425805324e-10	0.320339692664242	0.096	0.067	2.66547304359007e-05	c2	NCF4
7.29651250208968e-10	0.320538733437781	0.115	0.084	2.67059654088984e-05	c2	IL6ST
7.57532631691836e-10	0.164577443078721	0.173	0.133	2.77264518525529e-05	c2	AKIRIN1
7.66893156238131e-10	0.384903813052329	0.056	0.035	2.80690564114718e-05	c2	PLCD1
7.81787629972496e-10	0.32869902963922	0.127	0.095	2.86142090446233e-05	c2	PRORP
8.98088334439233e-10	0.896713590335257	0.043	0.026	3.28709311288104e-05	c2	LIMS2
9.06258818257486e-10	0.463926922955614	0.108	0.079	3.31699790070422e-05	c2	SORBS3
9.2676128239446e-10	0.395050651289078	0.084	0.058	3.39203896969196e-05	c2	MAP4K2
9.79909662686816e-10	0.148902722777863	0.194	0.153	3.58656735640002e-05	c2	NAAA
1.00269923236546e-09	0.258591626108376	0.166	0.128	3.66997946038083e-05	c2	AP1S2
1.00679649207184e-09	0.191983127100806	0.197	0.156	3.68497584063215e-05	c2	PFDN1
1.02501381049886e-09	0.103774008221209	0.207	0.164	3.7516530478069e-05	c2	TLK1
1.13628648092124e-09	0.211199346338151	0.123	0.091	4.15892214881982e-05	c2	ELMO1
1.33819911791047e-09	0.151233309827055	0.218	0.175	4.89794259146413e-05	c2	SLC25A39
1.36271913515634e-09	0.414073740116957	0.132	0.1	4.98768830658573e-05	c2	BEX2
1.4092755199286e-09	0.25940521749903	0.133	0.1	5.15808933049067e-05	c2	BAD
1.49494865329528e-09	0.132827819512102	0.298	0.249	5.47166156592605e-05	c2	TOMM22
1.6970630906194e-09	0.364354446816219	0.094	0.067	6.21142061797606e-05	c2	CHTF8
1.77941565347464e-09	0.609563316124632	0.057	0.036	6.51283923328251e-05	c2	PTP4A3
1.94932731181303e-09	1.47866299214395	0.011	0.004	7.13473289396688e-05	c2	LINC00544
1.99740538193415e-09	0.60209767981117	0.068	0.046	7.31070343841716e-05	c2	LINC00426
2.25000934832738e-09	0.135455180916022	0.22	0.177	8.23525921581306e-05	c2	RHBDD2
2.33905293591788e-09	0.467112999616517	0.066	0.043	8.56116765075304e-05	c2	SNHG25
2.40192661851562e-09	0.278139450742498	0.095	0.068	8.79129161642904e-05	c2	PIM3
2.50891636326286e-09	0.108356859267871	0.19	0.15	9.1828847811784e-05	c2	PHF1
2.59177178462249e-09	0.200529375754186	0.219	0.178	9.48614390889679e-05	c2	SNHG32
2.65691250520019e-09	0.271748078668895	0.118	0.088	9.72456546028321e-05	c2	SGTB
2.72484349291278e-09	0.116900528693006	0.216	0.171	9.97319966841006e-05	c2	TMED2
2.80235300747519e-09	0.245795783618653	0.143	0.11	0.0001025689224266	c2	C20orf27
2.82190579514954e-09	0.24052964022958	0.111	0.081	0.000103284574008268	c2	ADK
2.93871902700587e-09	0.343493132632893	0.119	0.089	0.000107560055107442	c2	ZFAND1
3.00609984366508e-09	0.111206095554985	0.24	0.195	0.000110026260377985	c2	ETFB
3.22307958805648e-09	1.30054611922178	0.016	0.007	0.000117967936002455	c2	LINC00891
3.25477898502041e-09	0.419842606886018	0.144	0.112	0.000119128165630732	c2	NINJ1
3.2894883634419e-09	0.36070988609313	0.077	0.053	0.000120398563590337	c2	OAS1
4.09605974464965e-09	0.288469040292982	0.128	0.097	0.000149919882713922	c2	CD59
4.14019941069531e-09	0.146555186090551	0.15	0.116	0.000151535438630859	c2	IFNAR2
4.2176443756376e-09	0.127991388801189	0.135	0.101	0.000154370001792712	c2	CPSF6
4.95580587923328e-09	0.108402417767103	0.309	0.258	0.000181387450985817	c2	SNRPF
5.31863553863888e-09	1.15157898719882	0.01	0.004	0.000194667379349721	c2	MAP1A
5.44474792906639e-09	0.384901864071083	0.074	0.051	0.000199283218951759	c2	TCP11L2
5.98752534151136e-09	0.140848829207983	0.128	0.096	0.000219149415024657	c2	CDC14A
6.27838988130763e-09	0.821240755576289	0.031	0.017	0.000229795348045741	c2	CHST7
6.29901046700512e-09	0.384459823128016	0.069	0.047	0.000230550082102854	c2	ELK3
6.34924286928058e-09	0.606444793338565	0.054	0.035	0.000232388638258539	c2	RIOX2
6.46299478384551e-09	0.261005003089151	0.14	0.107	0.00023655207208353	c2	APEH
6.50685513125188e-09	0.18062828456358	0.155	0.12	0.00023815740465895	c2	SLC44A2
6.52871980575937e-09	0.78466566877875	0.059	0.039	0.000238957673610599	c2	PCSK1N
7.2600639771531e-09	0.278769254828009	0.139	0.107	0.000265725601627781	c2	TMEM204
7.74247515472235e-09	0.232207847876116	0.058	0.037	0.000283382333137993	c2	RETN
7.91516523145728e-09	0.166658966184101	0.215	0.174	0.000289702962636568	c2	MZT2A
8.07366858915104e-09	0.121115951980463	0.282	0.235	0.000295504344031517	c2	CLPP
8.26800385801544e-09	0.11095534367816	0.225	0.183	0.000302617209207223	c2	LSM5
8.32836065325139e-09	0.730067492946759	0.048	0.03	0.000304826328269654	c2	SYNJ2
8.62498239533903e-09	0.17381973722845	0.137	0.105	0.000315682980651804	c2	MKRN1
8.70156733161280e-09	0.248761309278637	0.062	0.041	0.00031848606590436	c2	ALOX5
8.73741986998486e-09	0.293529831432742	0.128	0.097	0.000319798304661316	c2	SVBP
8.83888622819807e-09	1.29841638025714	0.018	0.008	0.000323512074838277	c2	HACD1
8.84408611051757e-09	0.148886967727248	0.216	0.176	0.000323702395731054	c2	ATP6V0E2
8.9873977966235e-09	0.360589802002038	0.07	0.047	0.000328947746754217	c2	CLN5
9.03113951815551e-09	0.238539331493146	0.133	0.101	0.00033054873750401	c2	UBXN11
9.28579556988339e-09	0.113330874974424	0.15	0.116	0.000339869403653302	c2	RELA
9.32768829097298e-09	0.275791021776409	0.099	0.072	0.000341402719137902	c2	IMPDH1
1.0119238234317e-08	0.100830823902882	0.159	0.123	0.000370374238614237	c2	GDI1
1.02847698814964e-08	0.123480549394631	0.201	0.162	0.00037643286243265	c2	OLA1
1.0784303553788e-08	0.108790487745435	0.143	0.109	0.000394716294372195	c2	AP1G2
1.08226655275476e-08	0.13794034548646	0.222	0.181	0.000396120380973771	c2	SUMO3
1.12074015296585e-08	0.712692860218288	0.035	0.02	0.00041020210338703	c2	ZC2HC1A
1.19759073165712e-08	0.324322115730172	0.116	0.087	0.000438330183693824	c2	TCEAL8
1.23140360404894e-08	0.116464618307458	0.217	0.177	0.000450706033117952	c2	DARS
1.27382086238669e-08	0.139438987621597	0.262	0.218	0.000466231173842154	c2	MRPS24
1.29806410233913e-08	0.493414292024243	0.06	0.039	0.000475104442097145	c2	KLHL22
1.57936769417167e-08	0.203174392490198	0.126	0.096	0.000578064369743774	c2	NFKBIZ
1.6320633250126e-08	0.155439800651824	0.104	0.076	0.000597351497587862	c2	TRIB2
1.65354816743955e-08	0.216410640190943	0.12	0.09	0.000605215164764549	c2	CTBS
1.90875332247839e-08	0.205309384277936	0.216	0.177	0.000698622803560317	c2	ETHE1
2.01718520870925e-08	0.812599857297369	0.046	0.029	0.000738309958239672	c2	LINC01215
2.03121084311725e-08	0.10039865887728	0.256	0.213	0.000743443480689346	c2	CHMP4A
2.07522412918095e-08	0.151229462150634	0.164	0.129	0.000759552783521518	c2	PEPD
2.17756592183635e-08	1.32003876875503	0.017	0.008	0.000797010903051321	c2	MEOX1
2.21977580901554e-08	0.148729308275586	0.269	0.226	0.000812460143857776	c2	SMIM26
2.2362229344264e-08	1.68087238896556	0.013	0.005	0.000818479956229405	c2	GREM2
2.51095885119457e-08	0.113738423333637	0.266	0.222	0.000919036049125726	c2	CLNS1A
2.82631749563316e-08	0.730002464586451	0.029	0.016	0.00103446046657669	c2	KRT1
3.15392089430704e-08	0.126995936249931	0.214	0.174	0.00115436658652532	c2	RBMX
3.17138419474698e-08	0.381305592569702	0.078	0.055	0.00116075832911934	c2	PGS1
3.2683808194132e-08	0.195310982831324	0.099	0.072	0.00119626006371343	c2	TRIM69
3.50124999512733e-08	0.193438662578957	0.124	0.095	0.00128149251071656	c2	TSNAX
3.59163488263309e-08	0.33513767772207	0.043	0.026	0.00131457428339254	c2	RAB13
3.75202566411192e-08	0.149147444404222	0.167	0.133	0.0013732789133216	c2	ODF2L
3.92573616306643e-08	0.705882971333328	0.029	0.016	0.00143685869304395	c2	IRF5
3.98445956661995e-08	0.457311765684752	0.069	0.047	0.00145835204597857	c2	NINJ2
3.98740088142383e-08	0.213201065358588	0.156	0.123	0.00145942859660994	c2	MRPL3
4.02645261906268e-08	0.394697458813553	0.077	0.054	0.00147372192310313	c2	PLIN3
4.1175295708272e-08	0.382879676049923	0.077	0.054	0.00150705699821846	c2	PABPC4
4.33834977767146e-08	0.371812410786639	0.086	0.062	0.00158787940212553	c2	AC026979.2
4.434023592466e-08	0.362125534063537	0.095	0.07	0.00162289697507848	c2	MPI
4.52783992686098e-08	0.141505893185145	0.175	0.14	0.00165723469163039	c2	ATXN7L3B
4.6176418203984e-08	1.34560264392728	0.017	0.008	0.00169010308268402	c2	PFN2
5.87201739576692e-08	0.130765099207875	0.203	0.166	0.00214921708702465	c2	NDUFB5
6.25592504539518e-08	0.348081273309465	0.033	0.019	0.00228973112586509	c2	MGST1
6.72797872186469e-08	0.120735603708058	0.28	0.237	0.00246250749198969	c2	GLRX
6.91321641989577e-08	0.356293665177798	0.054	0.036	0.00253030634184605	c2	LRRC8D
6.97866570135813e-08	0.507990376377678	0.046	0.03	0.00255426143335409	c2	AC073332.1
7.00860816523869e-08	0.709681171459451	0.031	0.017	0.00256522067455901	c2	PRXL2B
7.05173921793417e-08	0.280476032254009	0.104	0.078	0.00258100707115608	c2	THAP4
7.07349600491549e-08	0.476404900561295	0.067	0.046	0.00258897027275912	c2	TTC32
7.11075183062367e-08	0.378421353710645	0.103	0.078	0.00260260627752657	c2	MHENCR
7.25441375640348e-08	0.869826822210264	0.033	0.019	0.00265518797898124	c2	AC111182.1
7.71973899034912e-08	0.544555081189869	0.066	0.045	0.00282550166785768	c2	SPART
8.46829069284367e-08	0.118694894161492	0.195	0.159	0.00309947907648771	c2	MAPKAPK5-AS1
9.18030695587425e-08	0.201916467434242	0.164	0.132	0.00336008414891953	c2	H2AFJ
9.89028699620852e-08	0.224902120029106	0.105	0.079	0.00361994394348228	c2	CES1
9.93917638317824e-08	1.17129703240921	0.018	0.008	0.00363783794800707	c2	HPCAL4
1.00779382726019e-07	0.305591862442248	0.055	0.036	0.00368862618715502	c2	SLC25A25
1.01588084111762e-07	0.17328714122304	0.181	0.146	0.00371822546657461	c2	HSF1
1.01909453092095e-07	0.134380133794216	0.09	0.065	0.00372998789262378	c2	APOC2
1.18303064309562e-07	1.8634902525951	0.01	0.003	0.00433001045679428	c2	ISM1
1.21324653420602e-07	0.139602579260738	0.18	0.145	0.00444060363984747	c2	SF3A3
1.24066449478567e-07	0.229131391736246	0.145	0.114	0.00454095611736502	c2	GMPR2
1.44627299850566e-07	0.201523382323503	0.118	0.09	0.00529350380183056	c2	SLC35C2
1.49710452945035e-07	0.520146354467554	0.081	0.059	0.00547955228824121	c2	DPEP2
1.52729800368891e-07	0.257853251224342	0.102	0.077	0.00559006342330178	c2	TRMT1
1.55409818681009e-07	0.183405438867227	0.148	0.117	0.00568815477354361	c2	COPS2
1.56032599091666e-07	0.108909333587476	0.197	0.161	0.00571094915935407	c2	GPS1
1.56638672961046e-07	0.100613280011374	0.245	0.204	0.00573313206904726	c2	WBP2
1.76044391303557e-07	0.115422068041828	0.257	0.218	0.00644340076610148	c2	MRPL34
1.82281869190928e-07	0.121266859298954	0.08	0.057	0.00667169869425714	c2	TREM1
1.85524183891619e-07	0.591083208306238	0.078	0.057	0.00679037065461716	c2	NSG1
1.91602575412412e-07	0.173771586573392	0.169	0.137	0.0070128458626697	c2	CCM2
1.95231842872088e-07	0.200186698174143	0.135	0.106	0.00714568068096129	c2	PAFAH1B3
2.0001675790063e-07	0.570881943153859	0.076	0.055	0.00732081335592095	c2	ADTRP
2.07107836925938e-07	0.105776107201277	0.097	0.071	0.00758035393932625	c2	NUPR1
2.14445031635237e-07	0.475156299875714	0.102	0.078	0.00784890260288129	c2	ARMH1
2.42575191133197e-07	0.289964378863075	0.101	0.077	0.00887849457066615	c2	APOL3
2.50065949192856e-07	0.665742331928028	0.041	0.026	0.00915266380640771	c2	TRAF3IP2
2.52332889678366e-07	0.353776883875036	0.048	0.031	0.00923563609511788	c2	DUSP16
2.8153350725731e-07	0.354890246218971	0.08	0.058	0.0103044078991248	c2	IFT57
2.86090684906991e-07	0.145407062842588	0.156	0.124	0.0104712051582808	c2	PRDX3
2.87448858522027e-07	1.28449054908237	0.014	0.006	0.0105209156707647	c2	ALS2CL
3.00482388157105e-07	0.684148860826344	0.033	0.02	0.0109979558889382	c2	NR1D1
3.05060384033235e-07	0.319287038498574	0.085	0.062	0.0111655151160004	c2	AP3M2
3.18025185478054e-07	0.19188686374598	0.191	0.157	0.0116400398136823	c2	NCF1
3.34897379162311e-07	1.06938489365663	0.01	0.004	0.0122575789747198	c2	AFDN
3.37362428658994e-07	0.198690201175768	0.106	0.08	0.0123478022513478	c2	SMYD2
3.75706574095642e-07	0.2773911669767	0.104	0.079	0.0137512363184746	c2	MX2
3.78580010505891e-07	0.130319942178981	0.211	0.175	0.0138564069645261	c2	PQBP1
3.97645006568626e-07	0.417560645160985	0.033	0.02	0.0145542048854183	c2	IFIT3
4.0329108969127e-07	0.59574432476627	0.057	0.039	0.0147608571737902	c2	HYI
4.4099731988359e-07	1.19919191737264	0.017	0.008	0.0161409429050593	c2	CARD17
4.49916870100727e-07	0.828123173160481	0.041	0.026	0.0164674073625567	c2	CMTM8
4.66461553347231e-07	0.165807290665871	0.08	0.058	0.017072959314062	c2	GLB1
4.88483885074783e-07	0.93764353465366	0.013	0.006	0.0178789986776221	c2	ACE
5.28556292235034e-07	0.302668633622976	0.062	0.043	0.0193456888520945	c2	SCPEP1
5.50006597612251e-07	0.107133036817158	0.158	0.127	0.020130791479206	c2	CORO7
5.5080398536972e-07	0.111962271747975	0.086	0.063	0.0201599766685171	c2	PLBD1
5.53420405605617e-07	0.134193559499603	0.15	0.119	0.0202557402655712	c2	CD55
5.55994581901062e-07	0.162307846631435	0.086	0.063	0.0203499576921608	c2	NBPF15
5.71856111023942e-07	0.180583141843621	0.157	0.127	0.0209305055195873	c2	NUDCD2
6.6944754538532e-07	0.697971280769121	0.013	0.006	0.0245024496086481	c2	LILRB3
7.2120353709979e-07	0.169943280688354	0.152	0.123	0.0263967706613894	c2	GNG10
7.22137213669914e-07	0.253971724279686	0.123	0.097	0.0264309441575325	c2	NT5DC1
7.30041143458885e-07	0.109718641713536	0.186	0.152	0.0267202358917386	c2	NDUFA5
7.73458604909753e-07	0.399586701056168	0.067	0.047	0.0283093583983019	c2	AL135905.2
8.09210000698976e-07	0.175538621568651	0.125	0.098	0.0296178952355832	c2	BAG6
8.16062801808585e-07	0.194361763010775	0.147	0.118	0.029868714608996	c2	U2AF1L4
8.75249465678249e-07	1.31157695655593	0.01	0.004	0.0320350056932896	c2	FANK1
8.77469326708137e-07	0.221381578492285	0.094	0.071	0.0321162548268445	c2	TDP2
9.25010248740077e-07	0.11974901590177	0.175	0.143	0.0338563001141356	c2	IL27RA
9.44280962424464e-07	0.444537738688638	0.066	0.047	0.0345616275056978	c2	ISYNA1
9.65822719525645e-07	0.173397877453045	0.115	0.09	0.0353500773573581	c2	RPA1
1.04629651570717e-06	0.249585066672363	0.087	0.065	0.038295498771398	c2	NOA1
1.0533504550787e-06	0.191279249635593	0.122	0.096	0.0385536800063353	c2	MRPS2
1.11201296144834e-06	0.286872188917263	0.067	0.048	0.0407007864019706	c2	CYB561A3
1.16713830560801e-06	0.341925613011262	0.107	0.083	0.0427184291235587	c2	SMIM20
1.18628295705649e-06	0.307960106743649	0.091	0.069	0.0434191425112245	c2	DNAJB9
1.25495184099081e-06	0.174087796886925	0.103	0.079	0.0459324923321046	c2	IL4R
1.27048041844912e-06	0.378852731458232	0.075	0.055	0.0465008537956563	c2	PLEKHB1
1.29077838384476e-06	0.203374409164175	0.084	0.062	0.0472437796271021	c2	STAT5A
1.34831120028248e-06	0.939022135171187	0.017	0.009	0.049349538241539	c2	PPFIBP2
