p_val	avg_log2FC	pct.1	pct.2	p_val_adj	cluster	gene
0	1.75698225921684	0.66	0.23	0	c3	SELL
0	1.91164188532614	0.598	0.175	0	c3	MAL
0	1.7817075778387	0.634	0.216	0	c3	TCF7
0	1.19348969570559	0.787	0.397	0	c3	NOSIP
0	2.02819174373608	0.479	0.128	0	c3	CCR7
0	0.82598632527557	0.99	0.658	0	c3	LTB
0	1.74872826347789	0.46	0.146	0	c3	LEF1
0	0.936179931750952	0.957	0.67	0	c3	LDHB
0	0.702082389784522	0.977	0.786	0	c3	EEF1G
0	2.70180650507673	0.224	0.04	0	c3	SLC40A1
0	0.679005649733747	0.982	0.83	0	c3	EEF1B2
0	0.739888617282151	0.99	0.839	0	c3	RPL22
0	0.681895478442247	0.995	0.892	0	c3	RPL9
0	0.628532928838494	0.996	0.906	0	c3	RPL36
0	0.59798899274865	0.997	0.918	0	c3	RPS5
0	0.620837508413526	0.997	0.922	0	c3	RPL5
0	0.684434188023193	0.999	0.929	0	c3	RPL37
0	0.603158335104276	0.999	0.936	0	c3	RPS6
0	0.593300498201768	0.998	0.935	0	c3	RPS25
0	0.546529865960814	1	0.939	0	c3	RPLP2
0	0.741049224580906	0.998	0.939	0	c3	RPS13
0	0.533002256426484	0.999	0.943	0	c3	RPL35A
0	0.519870290984167	0.999	0.946	0	c3	RPL29
0	0.650534331533176	0.999	0.947	0	c3	RPS28
0	0.473837320869434	0.999	0.951	0	c3	RPL12
0	0.642045036470855	0.999	0.953	0	c3	RPL39
0	0.529512450049837	0.999	0.954	0	c3	RPL18
0	0.443010810726808	1	0.957	0	c3	RPL18A
0	0.569900870567462	0.999	0.957	0	c3	RPS23
0	0.652070721465215	1	0.959	0	c3	RPS3A
0	0.552590073433243	0.999	0.958	0	c3	RPS18
0	0.619974360482735	0.999	0.96	0	c3	RPL34
0	0.680825464038832	1	0.964	0	c3	RPL32
0	0.433891551170789	1	0.964	0	c3	RPS3
0	0.503368529580541	0.999	0.964	0	c3	RPS14
0	0.565093952190592	1	0.965	0	c3	RPL19
0	0.585653113691723	1	0.969	0	c3	RPL11
0	0.460037173089069	0.999	0.968	0	c3	RPS27A
0	0.545449836948229	0.999	0.969	0	c3	RPL30
0	0.410449514933702	1	0.971	0	c3	RPS15A
0	0.632096469902214	1	0.972	0	c3	RPS8
0	0.487834664655752	1	0.975	0	c3	TPT1
0	0.617094912581975	1	0.978	0	c3	RPS12
0	0.516054466650223	1	0.978	0	c3	RPL13
0	0.450087216651855	1	0.985	0	c3	RPL10
0	0.59484393339329	1	0.993	0	c3	EEF1A1
4.69739507257957e-306	0.510853712832309	0.999	0.941	1.71929357051485e-301	c3	RPL3
1.26178780478411e-305	0.597466747265366	0.995	0.909	4.61826954429031e-301	c3	RPS21
8.28753487228049e-299	0.415263408804503	1	0.983	3.03332063860338e-294	c3	RPLP1
3.59058451536773e-298	0.365252945216156	1	0.976	1.31418983846974e-293	c3	RPL28
3.75837259323579e-295	0.775352270827272	0.9	0.555	1.37560195285023e-290	c3	IL7R
1.36904253561274e-293	1.91269360805222	0.328	0.101	5.01083258459619e-289	c3	PASK
7.73245393587413e-291	0.521737236844928	0.995	0.894	2.83015546506929e-286	c3	RPL10A
5.00712940142807e-290	0.718139468960385	0.941	0.755	1.83265943221669e-285	c3	RPL38
2.00122654227278e-287	0.490346067708668	0.997	0.925	7.3246892673726e-283	c3	RPSA
1.1424762265332e-283	0.48317581168964	1	0.966	4.18157723673418e-279	c3	RPS27
4.6805413869076e-282	0.435818370085562	0.999	0.954	1.71312495302205e-277	c3	RPL8
1.24503866519711e-281	0.636948956567769	0.973	0.788	4.55696601848794e-277	c3	RPL7
2.93510576706555e-281	0.612664388824893	0.978	0.809	1.07427806180366e-276	c3	RPL4
1.68086175674031e-267	0.49423987493244	0.997	0.913	6.15212211584519e-263	c3	RPS16
4.91457846370552e-265	0.513043788335226	0.993	0.899	1.79878486350086e-260	c3	RPL21
4.70096129774627e-260	0.399016180600477	1	0.955	1.72059884458811e-255	c3	RPL14
1.49730354059842e-258	0.556419247393574	0.986	0.861	5.48028068894427e-254	c3	RPL36A
1.26718027014567e-253	0.417888080707255	0.999	0.953	4.63800650676016e-249	c3	RPS4X
4.31837521681498e-252	0.424058813401701	0.999	0.941	1.58056851310645e-247	c3	RPL6
4.34934620534226e-250	0.385633639383093	1	0.96	1.59190420461732e-245	c3	RPS15
8.91218501146955e-244	0.334027715361344	1	0.983	3.26194883604797e-239	c3	RPL41
4.35034700145113e-242	1.75170042376686	0.278	0.086	1.59227050600113e-237	c3	TRABD2A
1.30255502307477e-241	0.470326561323279	0.993	0.89	4.76748163995595e-237	c3	RPL24
4.01243644146128e-240	0.462235900930867	0.991	0.915	1.46859186193924e-235	c3	RPL13A
5.26469088231528e-230	0.485101287608965	0.996	0.895	1.92692950983621e-225	c3	RPS9
1.60671829450585e-213	1.94821884413506	0.217	0.06	5.88074962972088e-209	c3	EPHX2
3.77718152977303e-207	0.414301974916828	0.997	0.935	1.38248621171223e-202	c3	RPLP0
1.41638114287119e-206	0.414709769267042	0.997	0.913	5.18409662102284e-202	c3	NACA
3.96109725198316e-205	0.348674716436657	0.998	0.951	1.44980120519836e-200	c3	RPS7
1.57459237528227e-202	0.61380406495807	0.905	0.685	5.76316555277065e-198	c3	RPS20
5.1847531421781e-201	0.401604706729825	0.998	0.93	1.89767149756861e-196	c3	RACK1
3.87252513143513e-196	1.06753702814007	0.439	0.2	1.41738292335657e-191	c3	PRKCQ-AS1
2.55289976274793e-194	0.339662414888998	0.999	0.957	9.34386842163371e-190	c3	RPL7A
2.92086385930822e-184	3.51825102887541	0.083	0.01	1.0690653811454e-179	c3	KRT1
2.07688040870958e-182	0.76687312135056	0.8	0.617	7.60158998391793e-178	c3	PABPC1
4.37921183771148e-179	0.660380703049961	0.822	0.542	1.60283532472078e-174	c3	GAS5
2.46713883161859e-178	0.452986383221511	0.981	0.865	9.0299748376072e-174	c3	RPL37A
3.36518365956087e-178	1.86475581686875	0.193	0.056	1.23169087123588e-173	c3	TSHZ2
2.16758013003105e-177	0.690978604840535	0.761	0.471	7.93356003392666e-173	c3	EIF3E
4.68476285053282e-177	0.780340941389666	0.944	0.781	1.71467005092352e-172	c3	RPS29
1.6056287414635e-176	0.394641752710981	0.995	0.914	5.87676175663057e-172	c3	RPL17
1.15354649670335e-174	1.54329250257254	0.263	0.095	4.22209553258393e-170	c3	MYC
2.48663085327365e-171	0.456053730052104	0.99	0.905	9.10131758606689e-167	c3	RPS2
1.43594627858173e-165	0.481962366211104	0.949	0.778	5.25570697423699e-161	c3	RPL31
8.53503298439449e-164	0.535698772360141	0.917	0.704	3.12390742261823e-159	c3	TOMM7
1.26009431240571e-163	0.87546744500636	0.509	0.267	4.61207119283613e-159	c3	AQP3
2.19624300831089e-163	0.563585693807289	0.88	0.631	8.0384690347187e-159	c3	SNHG29
5.65705427760265e-160	1.88115842795488	0.172	0.049	2.07053843614534e-155	c3	TCEA3
7.95457452604923e-159	0.603254279668006	0.829	0.603	2.91145382227928e-154	c3	RPS4Y1
2.69724319341041e-157	0.678568129491484	0.821	0.645	9.87217981220143e-153	c3	EEF2
1.39485702921371e-156	0.369205024218314	0.994	0.911	5.10531621262508e-152	c3	RPL15
3.10842473949544e-155	0.81519927624806	0.501	0.263	1.13771453890273e-150	c3	FCMR
1.19301879144783e-154	0.937522270666922	0.408	0.197	4.3665680785782e-150	c3	PIK3IP1
2.71488646893159e-154	0.435667198889703	0.971	0.825	9.9367559649365e-150	c3	FXYD5
4.46812610387804e-149	0.553770568778706	0.868	0.684	1.6353788352804e-144	c3	SARAF
8.48786211918113e-147	0.756103626716493	0.544	0.306	3.10664241424149e-142	c3	TMEM123
1.26862233447455e-146	2.42356209385404	0.111	0.024	4.64328460641029e-142	c3	NEFL
8.63389488262716e-144	0.381843945864897	0.989	0.878	3.16009186599037e-139	c3	UBA52
3.46692581848831e-142	0.824412868968534	0.444	0.228	1.26892951882491e-137	c3	C1orf162
6.59013549958876e-141	1.62917732183961	0.18	0.057	2.41205549420448e-136	c3	ACTN1
1.29975367157323e-139	0.351081517142058	0.993	0.904	4.75722841332517e-135	c3	RPL23A
1.98468524446278e-136	0.458150141585294	0.929	0.76	7.26414646325821e-132	c3	NPM1
5.5448631283153e-136	1.11309700901876	0.282	0.12	2.02947535359468e-131	c3	TESPA1
1.20877492743769e-133	0.420795603403167	0.954	0.79	4.42423711191468e-129	c3	RPL27
5.4387794643721e-133	0.627903818889956	0.694	0.444	1.99064767175483e-128	c3	EIF3L
6.78512857385152e-133	0.67746265903606	0.489	0.266	2.4834249093154e-128	c3	FOXP1
4.93026925017341e-127	0.799976366792452	0.442	0.237	1.80452784825597e-122	c3	KLF2
1.00992943106745e-122	0.424639874333731	0.935	0.748	3.69644271064997e-118	c3	RPS11
1.89852879684898e-120	1.79763064170744	0.162	0.054	6.94880524934694e-116	c3	BEX3
9.09324804441513e-119	0.262996338642936	0.999	0.954	3.32821971673638e-114	c3	FAU
3.19520383482835e-117	0.275341049123061	0.999	0.951	1.16947655558552e-112	c3	RPL26
7.62676477602934e-117	0.86346332288906	0.365	0.187	2.7914721756745e-112	c3	RCAN3
2.63216205827766e-115	2.09687572209427	0.105	0.026	9.63397634950205e-111	c3	AC005842.1
3.59794771609742e-115	1.22783586743596	0.22	0.089	1.31688484356882e-110	c3	SH3YL1
6.22121380197789e-110	1.11390565168532	0.258	0.115	2.27702646366193e-105	c3	LDLRAP1
6.46214898303259e-109	0.427841828233794	0.909	0.718	2.36521114927976e-104	c3	COX7C
5.98955306578775e-108	1.09616792581255	0.219	0.09	2.19223631760898e-103	c3	NELL2
4.3797421564091e-107	0.694418672581868	0.478	0.28	1.60302942666729e-102	c3	SNHG8
8.39749374392019e-107	0.498199185009486	0.793	0.568	3.07356668521223e-102	c3	RPL23
8.73481838783941e-106	0.869371639931971	0.314	0.156	3.1970308781331e-101	c3	GPR183
3.08066577522029e-105	1.46031367843746	0.145	0.048	1.12755448038838e-100	c3	ADTRP
3.13322000111859e-105	2.4771207360684	0.076	0.016	1.14678985260941e-100	c3	AK5
4.3957424614438e-105	1.31370471149748	0.187	0.073	1.60888569831304e-100	c3	SPINT2
1.43166337793046e-104	2.11395678674966	0.106	0.029	5.24003112956328e-100	c3	MDS2
1.69057566089411e-104	0.506139392029713	0.582	0.351	6.18767597643854e-100	c3	CD27
7.50112343968328e-103	0.700562559192807	0.464	0.271	2.74548619015848e-98	c3	PLSCR3
7.2494735529857e-102	0.457033358531693	0.841	0.61	2.6533798151283e-97	c3	NOP53
5.90838160463717e-101	1.43897550168505	0.131	0.041	2.16252675111325e-96	c3	APP
7.5613545631345e-101	0.484649824142808	0.637	0.406	2.76753138365286e-96	c3	FLT3LG
3.38511347873278e-100	1.53109738187393	0.136	0.045	1.23898538435099e-95	c3	TXK
6.00901872461335e-100	0.921440605379658	0.294	0.145	2.19936094339573e-95	c3	ABLIM1
4.62118216686195e-96	0.464862945396266	0.758	0.531	1.69139888489314e-91	c3	RPS17
7.67153112522966e-94	2.10740744438522	0.099	0.028	2.80785710714531e-89	c3	LINC02762
1.47764155707653e-93	1.70722969367092	0.132	0.044	5.40831586305581e-89	c3	FHIT
6.46428522954581e-92	0.310125730033357	0.973	0.898	2.36599303686606e-87	c3	TXNIP
3.90907938913475e-91	0.563689297284827	0.548	0.349	1.43076214721721e-86	c3	RNASET2
8.89337967557465e-91	0.287188823642671	0.985	0.888	3.25506589505708e-86	c3	RPL35
6.18227098477126e-90	1.64492007378019	0.135	0.047	2.26277300313613e-85	c3	FXYD7
1.78378543861952e-89	1.79017989926767	0.098	0.028	6.52883308389131e-85	c3	GCSAM
2.67725032315431e-89	1.01458928733584	0.186	0.077	9.79900390777709e-85	c3	IL6ST
3.9116171680956e-89	0.412881480829433	0.821	0.606	1.43169099969467e-84	c3	CD48
6.93517977754978e-87	0.4264014043771	0.752	0.524	2.538345150381e-82	c3	EIF3H
8.15857126527269e-86	1.27725751397293	0.152	0.058	2.98611866880246e-81	c3	IL6R
1.32425094063906e-85	0.378059826117402	0.891	0.708	4.84689086783303e-81	c3	HNRNPA1
6.6602847045648e-85	0.374041541999727	0.904	0.715	2.43773080471776e-80	c3	RPL27A
1.21431590439897e-84	1.59199564507755	0.119	0.04	4.44451764169067e-80	c3	SOCS3
1.66584288966218e-84	0.425831581998335	0.52	0.324	6.09715156045256e-80	c3	RIPOR2
3.37287239691774e-83	0.433748462749724	0.653	0.442	1.23450502599586e-78	c3	SNHG6
1.01908546437068e-82	0.410455638707022	0.767	0.539	3.72995470814312e-78	c3	TLE5
1.54987110681788e-81	0.381364849920051	0.828	0.601	5.67268323806413e-77	c3	LIMD2
3.55897970745971e-81	0.536117763137062	0.445	0.271	1.30262216272733e-76	c3	ADD3
9.04019082876677e-80	0.493286700181179	0.573	0.379	3.30880024523692e-75	c3	ST13
1.37917064910075e-79	1.020185089929	0.18	0.078	5.04790249277366e-75	c3	SERINC5
2.59059788845709e-79	0.486074708565487	0.487	0.304	9.4818473315418e-75	c3	MCUB
2.84578464884984e-79	1.14509521489413	0.182	0.079	1.04158563932553e-74	c3	LINC02273
1.35988556463934e-78	1.9729381419264	0.077	0.02	4.97731715513646e-74	c3	ANKRD55
1.4790489278136e-78	0.413416816023521	0.675	0.462	5.41346698069055e-74	c3	SERP1
9.03385590820165e-78	0.352246405271705	0.91	0.725	3.30648160096089e-73	c3	HINT1
2.4281474595481e-77	0.711833699196252	0.287	0.153	8.88726251669201e-73	c3	DGKA
4.29900765951999e-77	1.19314802006015	0.167	0.071	1.57347979346091e-72	c3	ARMH1
2.60522522303716e-76	1.08027964993826	0.16	0.066	9.5353848388383e-72	c3	SESN3
2.27668360743115e-75	0.36620451476147	0.746	0.531	8.33288967155874e-71	c3	SRSF5
3.49952430702496e-75	0.407029844743508	0.492	0.309	1.28086089161421e-70	c3	LINC00861
8.0915697013569e-74	0.451495355925884	0.633	0.437	2.96159542639364e-69	c3	SMDT1
6.8494204029581e-73	0.442327158745082	0.495	0.312	2.50695636168669e-68	c3	DNAJB1
4.94554973197881e-72	1.51820472046918	0.111	0.039	1.81012065740156e-67	c3	SNHG25
1.22067094522749e-70	0.307337798688073	0.951	0.8	4.46777772662713e-66	c3	BTF3
2.54929021280962e-69	0.288302575955479	0.964	0.839	9.33065710790447e-65	c3	PFDN5
4.04811135563031e-69	0.670935227593014	0.28	0.152	1.48164923727425e-64	c3	PIM2
1.28741803416882e-68	0.46677145280712	0.716	0.528	4.71207874686131e-64	c3	JUNB
1.78783747132076e-67	0.398246598527727	0.508	0.333	6.54366392878113e-63	c3	PPP1R2
1.87740413757623e-67	0.494453780164474	0.371	0.221	6.87148688394277e-63	c3	EIF2S3
3.91063378117825e-67	0.51607554845268	0.371	0.223	1.43133107024905e-62	c3	ICAM2
5.03462678339255e-67	0.352967728628877	0.82	0.614	1.84272374898951e-62	c3	C12orf57
8.36170684430262e-67	0.448736793904837	0.497	0.331	3.0604683220832e-62	c3	CD69
1.2894012262011e-66	0.406685820527668	0.605	0.417	4.71933742801866e-62	c3	EIF4B
8.24280290188107e-66	0.865900674679873	0.233	0.122	3.01694829011749e-61	c3	USP10
2.03099128671481e-64	0.354348435960638	0.598	0.413	7.43363120850489e-60	c3	LEPROTL1
3.9101251248195e-64	1.03092805248398	0.178	0.085	1.43114489693518e-59	c3	SATB1
1.94975056155041e-62	0.646529296039769	0.295	0.17	7.13628203033067e-58	c3	SNHG32
2.37641747772637e-62	1.27448675673974	0.099	0.035	8.69792561022629e-58	c3	IFNGR2
3.63115799859001e-62	0.414883238234265	0.461	0.3	1.32904013906393e-57	c3	NDFIP1
5.45794377452592e-62	0.663846271670116	0.257	0.142	1.99766200091423e-57	c3	AC119396.1
5.80066013702292e-61	1.27071902729403	0.13	0.055	2.12309961675176e-56	c3	FBLN5
1.6694690033629e-60	1.54101352605775	0.097	0.035	6.11042349920856e-56	c3	PCSK1N
2.27415609765934e-60	0.238162272082076	0.979	0.88	8.32363873304294e-56	c3	EEF1D
2.80157542956571e-60	2.02356302792554	0.061	0.016	1.02540462297534e-55	c3	VIPR1
1.3132549585628e-59	0.409601816643927	0.352	0.214	4.80664447383571e-55	c3	CAMK4
1.44172650960863e-59	0.660849973680934	0.275	0.158	5.27686319781856e-55	c3	THEM4
2.15315062369341e-59	0.881731844604028	0.189	0.094	7.88074659778025e-55	c3	BEX2
3.08226061442265e-59	0.324157372057155	0.578	0.399	1.12813820748483e-54	c3	ZFAS1
8.82994348265806e-59	0.406983108332693	0.563	0.391	3.23184761408768e-54	c3	NSA2
1.46837329953919e-58	0.31853985829638	0.687	0.49	5.37439311364338e-54	c3	ANP32B
5.24353859623759e-58	1.07974690457079	0.149	0.068	1.91918756160892e-53	c3	RIC3
7.5321165126016e-58	1.24806308098397	0.098	0.036	2.75682996477731e-53	c3	CYSLTR1
8.08760138196104e-57	0.66502225609294	0.2	0.103	2.96014298181156e-52	c3	S1PR1
1.07760201245209e-56	0.403866995893061	0.487	0.326	3.94413112577588e-52	c3	CALM3
5.9634948517648e-56	0.559058542336175	0.245	0.135	2.18269875069443e-51	c3	CD4
2.35105646954122e-55	0.360909439022542	0.536	0.366	8.60510178416783e-51	c3	RGS10
2.62091473974688e-54	0.304264774933446	0.808	0.606	9.59281003894756e-50	c3	EIF3F
5.94972456589855e-54	0.718924504134693	0.179	0.09	2.17765868836453e-49	c3	NFKBIZ
1.59554517946001e-53	0.44668038092273	0.403	0.263	5.83985491134159e-49	c3	ALKBH7
1.05985602088691e-52	0.816414111340929	0.178	0.09	3.87917902204819e-48	c3	LINC01550
2.58008740395757e-52	1.02235207610514	0.128	0.057	9.44337790722512e-48	c3	LPAR6
2.85385317389744e-51	0.307569627680918	0.428	0.282	1.0445388001782e-46	c3	ARHGAP15
9.19093930905603e-51	0.534762327713127	0.316	0.197	3.3639756965076e-46	c3	AC243960.1
1.34942893200331e-50	0.366377027537412	0.427	0.283	4.93904483402533e-46	c3	ABHD14B
1.61231044845002e-50	1.29966909742049	0.082	0.03	5.9012174723719e-46	c3	TIAM1
2.77504581363837e-50	0.685384201257958	0.215	0.118	1.01569451824978e-45	c3	STMN3
1.30140705865432e-49	0.171038142280862	1	0.966	4.76327997538069e-45	c3	RPS19
1.79868133544701e-49	0.326730572825623	0.505	0.346	6.58335355586961e-45	c3	PRDX2
4.03241826133018e-49	0.541437637444675	0.32	0.202	1.47590540782946e-44	c3	RASGRP2
1.01626770309567e-48	0.400994075797915	0.445	0.302	3.71964142010045e-44	c3	FBL
1.64460022310371e-48	0.420304163704842	0.317	0.197	6.01940127658191e-44	c3	BTG2
7.45110010808183e-48	0.350426845510192	0.421	0.28	2.72717715055903e-43	c3	C1QBP
2.57991314972353e-47	0.30206050375935	0.558	0.391	9.44274011930309e-43	c3	NAP1L1
8.5766684581233e-47	0.244747243522024	0.666	0.484	3.13914642235771e-42	c3	TRAF3IP3
1.48665990384605e-46	0.607781319147454	0.273	0.168	5.44132391406693e-42	c3	IMPDH2
3.89703751863176e-46	0.257986478425228	0.721	0.531	1.42635470219441e-41	c3	CD7
5.89293661459154e-46	0.293188188613309	0.508	0.355	2.15687373030665e-41	c3	HSPB1
7.78623251346447e-46	0.298989913158961	0.521	0.367	2.84983896225313e-41	c3	GIMAP5
1.11891174214407e-45	0.539321988687741	0.205	0.114	4.09532886742153e-41	c3	CD55
2.1763218791829e-45	0.417554006573986	0.27	0.164	7.96555570999733e-41	c3	INPP4B
7.5657721821741e-45	1.39259226039922	0.063	0.021	2.76914827639754e-40	c3	FAAH2
9.34368784644595e-45	0.747418684221695	0.139	0.068	3.41988318867768e-40	c3	TNFSF8
1.049844940906e-44	1.46702637959788	0.061	0.02	3.84253746821004e-40	c3	AREG
1.41303461569574e-44	0.264358755716106	0.79	0.612	5.17184799690799e-40	c3	COMMD6
2.65925087289974e-44	0.228954060067804	0.685	0.503	9.73312411990035e-40	c3	GPX4
2.66463619871409e-44	0.64521323796075	0.222	0.129	9.75283495091345e-40	c3	THOC3
2.91529858824746e-44	0.43064133368101	0.382	0.256	1.06702843628445e-39	c3	SNHG5
6.21731231949713e-44	1.84504867280816	0.051	0.015	2.27559848205915e-39	c3	EDA
6.68550173817428e-44	0.410906540253208	0.407	0.278	2.44696049118917e-39	c3	CORO1B
7.38780550348413e-44	0.272845414704858	0.648	0.47	2.70401069233023e-39	c3	UXT
8.12117861521944e-44	0.7449184635844	0.197	0.111	2.97243258495647e-39	c3	MARCKSL1
2.86236292059649e-43	0.452181912755162	0.269	0.165	1.04765345256752e-38	c3	TRAT1
4.41832405801163e-43	0.162931203069022	0.998	0.952	1.61715078847284e-38	c3	RPS24
6.15740329365691e-43	0.29750041650404	0.49	0.343	2.25367117951137e-38	c3	SEPTIN9
8.63726970265804e-43	1.10587488562612	0.095	0.04	3.16132708386987e-38	c3	CHRM3-AS2
1.66126419580414e-42	0.354436616307732	0.369	0.245	6.08039308306274e-38	c3	CDKN1B
2.00849643055593e-42	0.332609402414123	0.358	0.236	7.35129778547775e-38	c3	MGAT4A
4.19237259917596e-42	0.478997981953548	0.277	0.173	1.53445029502439e-37	c3	PCED1B
5.63276460401161e-42	2.01133087077119	0.045	0.013	2.06164817271429e-37	c3	LRRN3
8.77660763947905e-42	0.268522137297672	0.426	0.291	3.21232616212573e-37	c3	TNFAIP8
2.2012879913347e-41	0.23497225131515	0.817	0.633	8.05693417708413e-37	c3	GPSM3
3.22273629532362e-41	1.46890773714429	0.065	0.023	1.1795537114514e-36	c3	CBR3
7.97863438339044e-41	0.222680442908687	0.753	0.573	2.92025997066473e-36	c3	CNBP
8.17368385675069e-41	0.396885248655123	0.314	0.204	2.99165002840932e-36	c3	TTC39C
8.41083138452719e-41	1.45174191626784	0.068	0.025	3.0784483950508e-36	c3	HSBP1L1
8.41998313363097e-41	0.272163230414605	0.428	0.293	3.08179802674027e-36	c3	PSIP1
9.08258281429067e-41	1.48602740860399	0.073	0.028	3.32431613585853e-36	c3	PI16
1.67135745994056e-40	2.26901810079899	0.029	0.006	6.11733543912844e-36	c3	RGMB
1.84809816471855e-40	0.30223825177588	0.312	0.199	6.76422409268638e-36	c3	ATP1A1
2.24460600465876e-40	0.154054712270209	0.999	0.967	8.21548243765151e-36	c3	TMSB10
5.14677264662672e-40	0.276798755839687	0.44	0.305	1.88377025639185e-35	c3	RSL1D1
1.47410604452126e-39	0.790420764304157	0.134	0.068	5.39537553355228e-35	c3	RIN3
2.54417159076108e-39	1.80267564236326	0.064	0.024	9.31192243934463e-35	c3	CMTM8
4.90384809590977e-39	1.0516837675402	0.109	0.051	1.79485744158393e-34	c3	PLEKHB1
1.8908679725059e-38	0.676323573940213	0.137	0.07	6.92076586616886e-34	c3	MAML2
2.79909497498462e-38	0.642429359142945	0.207	0.123	1.02449675179412e-33	c3	EPB41L4A-AS1
4.58781231575046e-38	0.200872560983229	0.909	0.765	1.67918518568783e-33	c3	BTG1
4.91465950385557e-38	0.594940566632852	0.143	0.075	1.79881452500618e-33	c3	UBQLN2
1.44632851670427e-37	0.238246991745968	0.813	0.645	5.29370700398928e-33	c3	UQCRB
2.85757731128883e-37	2.33642523141401	0.027	0.005	1.04590187170483e-32	c3	DBNDD1
5.48277269907576e-37	1.2349301377705	0.072	0.028	2.00674963558872e-32	c3	LINC00402
6.18104820913522e-37	1.54716554316222	0.063	0.024	2.26232545502558e-32	c3	LIMS2
7.0276922729884e-37	0.676735549014738	0.137	0.071	2.57220564883649e-32	c3	RNF138
7.52122929257965e-37	0.613554713182751	0.188	0.11	2.75284513337708e-32	c3	ADI1
8.76510065196147e-37	1.36178404278942	0.055	0.019	3.20811448962442e-32	c3	FAM13A
1.30570409369379e-36	0.414729030262579	0.275	0.178	4.77900755332863e-32	c3	LSM5
1.99687115836889e-36	0.255170870072227	0.364	0.246	7.30874812674599e-32	c3	PIM1
2.08221559034837e-36	0.807945480366631	0.113	0.055	7.62111728223408e-32	c3	DPEP2
3.07156239626369e-36	0.238446478200615	0.62	0.46	1.12422255265647e-31	c3	ATP5PO
3.17493442768079e-36	1.06006441539867	0.098	0.046	1.16205774987545e-31	c3	TMIGD2
3.19521468600784e-36	0.455997705607263	0.189	0.109	1.16948052722573e-31	c3	SYPL1
4.61492702778157e-36	1.80738496394489	0.039	0.011	1.68910944143833e-31	c3	WNT7A
5.43143000194466e-36	0.586766084994274	0.212	0.128	1.98795769501177e-31	c3	LINC01138
6.80061467294058e-36	0.345732453656983	0.22	0.133	2.48909297644298e-31	c3	BIRC3
7.86500583273578e-36	0.208602649270132	0.805	0.637	2.87867078483962e-31	c3	FYB1
9.51876940061602e-36	0.210679882983102	0.362	0.244	3.48396478831947e-31	c3	ZC3HAV1
9.62295301600492e-36	1.45814678427831	0.065	0.025	3.52209703338796e-31	c3	CFP
2.81095284992183e-35	0.456987827128715	0.237	0.148	1.02883685259989e-30	c3	SUSD3
2.81418264426309e-35	0.196576889678292	0.738	0.556	1.03001898962674e-30	c3	GIMAP7
7.26095840403032e-35	0.596288662924234	0.175	0.101	2.65758338545914e-30	c3	CFAP36
1.16707953302159e-34	0.238680638063019	0.464	0.332	4.27162779881232e-30	c3	EIF4A2
4.20224431010691e-34	1.13265545580889	0.091	0.042	1.53806343994223e-29	c3	EIF4EBP3
4.85979959445318e-34	0.393890700266266	0.26	0.167	1.77873524956581e-29	c3	NECAP2
7.02138124414057e-34	0.652105892138455	0.147	0.081	2.56989574916789e-29	c3	IPCEF1
7.69471374153324e-34	0.22188294579947	0.795	0.636	2.81634217653858e-29	c3	PCED1B-AS1
8.17484725117594e-34	0.846976640730455	0.116	0.059	2.99207584240291e-29	c3	AC026979.2
9.70742657058455e-34	0.178987479585414	0.548	0.397	3.55301519909965e-29	c3	HNRNPA0
1.63451044064581e-33	0.40553311956008	0.222	0.137	5.98247166380773e-29	c3	AIF1
1.88187880884578e-33	0.656076172914576	0.117	0.06	6.88786462825643e-29	c3	NBPF15
2.08464036927606e-33	0.414732547700041	0.23	0.145	7.62999221558732e-29	c3	EIF2A
2.83338070227216e-33	0.45427396855293	0.233	0.148	1.03704567083863e-28	c3	SIRPG
6.49583222788745e-33	0.562240747629121	0.175	0.103	2.37753955372908e-28	c3	TMEM204
7.68512662790975e-33	0.965629639422092	0.084	0.038	2.81283319708125e-28	c3	CSGALNACT1
1.00279699471826e-32	0.227796021402756	0.515	0.378	3.67033728036829e-28	c3	ATP5F1A
2.42237929880945e-32	0.189675237582748	0.708	0.538	8.86615047157247e-28	c3	ERP29
2.47919029514956e-32	0.333677515003108	0.277	0.183	9.07408439927689e-28	c3	VPS51
3.73069209192084e-32	0.456839807225473	0.217	0.136	1.36547061256395e-27	c3	SRSF8
6.00566772594155e-32	0.16337497855812	0.965	0.83	2.19813444437187e-27	c3	IFITM1
1.21101218711127e-31	1.54658089198624	0.052	0.019	4.43242570604597e-27	c3	HRH2
1.67430641587384e-31	0.366951513430426	0.231	0.148	6.12812891273985e-27	c3	SORL1
2.02258292179875e-31	0.288349813658648	0.248	0.159	7.40285575207562e-27	c3	PLAC8
2.17869637811449e-31	0.585251815378846	0.162	0.094	7.97424661353685e-27	c3	NME4
3.98991779748529e-31	0.55973355774365	0.138	0.076	1.46034981305759e-26	c3	IL4R
4.48892519724684e-31	1.0176972173162	0.091	0.044	1.64299151144432e-26	c3	LDOC1
4.62753358735679e-31	0.368278156611784	0.249	0.163	1.69372356830846e-26	c3	SELENOM
4.799274228791e-31	0.272317745909959	0.291	0.194	1.75658236047979e-26	c3	MAX
5.68329133300461e-31	1.21702554757518	0.077	0.034	2.08014146079302e-26	c3	FXYD1
6.21608995027501e-31	0.207966167427192	0.574	0.429	2.27515108270016e-26	c3	C19orf53
6.34769025062225e-31	1.05333074342154	0.084	0.039	2.32331810863025e-26	c3	MAGEF1
9.89405079029842e-31	0.242829176035062	0.318	0.217	3.62132152975712e-26	c3	TAGAP
1.36041748062953e-30	0.287324396961944	0.365	0.259	4.97926402085213e-26	c3	TRADD
1.52330672267164e-30	0.189709627773491	0.796	0.634	5.57545493565046e-26	c3	CCNI
1.62255222382269e-30	0.658917157372687	0.138	0.077	5.93870339441342e-26	c3	CHMP7
6.04947503781751e-30	0.65390359619941	0.149	0.086	2.21416835859159e-25	c3	ZFAND1
1.20182837996086e-29	0.270331627153422	0.365	0.258	4.39881205349475e-25	c3	OXA1L
1.39384435835992e-29	0.192595905113398	0.288	0.194	5.10160973603315e-25	c3	ARID5B
1.47344980860078e-29	0.17062586464157	0.624	0.468	5.39297364445973e-25	c3	CCND3
1.77144493898308e-29	2.03629162721143	0.026	0.006	6.48366562117197e-25	c3	SUSD4
3.11016429500851e-29	0.225499363681629	0.417	0.302	1.13835123361606e-24	c3	GIMAP1
3.31251988644448e-29	0.269270887905562	0.292	0.197	1.21241540363754e-24	c3	HMGA1
3.41012258740288e-29	0.214369315540009	0.495	0.367	1.24813896821533e-24	c3	PHB2
3.81595604915677e-29	0.238087852134422	0.306	0.209	1.39667807355187e-24	c3	PPP1CC
3.89347916301926e-29	0.265423623364589	0.333	0.234	1.42505230845668e-24	c3	APEX1
6.65646379011003e-29	0.151892027167445	0.584	0.437	2.43633231181817e-24	c3	SEPTIN6
6.73596459383371e-29	0.196125024850837	0.491	0.363	2.46543040098908e-24	c3	TOMM20
8.46475795578394e-29	0.19311413474751	0.862	0.684	3.09818605939648e-24	c3	EIF3K
1.11194641008668e-28	0.514021940434205	0.178	0.109	4.06983505555827e-24	c3	CCNG1
1.75307812752896e-28	1.00738076402552	0.084	0.04	6.41644125456873e-24	c3	RPS10-NUDT3
1.92506446309195e-28	0.441565794591016	0.209	0.133	7.04592844136286e-24	c3	PTGER2
2.1165395563054e-28	0.373215836138355	0.181	0.111	7.74674643003338e-24	c3	PDE3B
4.00784776769576e-28	1.04651415802303	0.069	0.031	1.46691236145432e-23	c3	GSTM2
5.05563330217714e-28	1.65252887060349	0.034	0.01	1.85041234492986e-23	c3	RALGPS2
6.73361427316589e-28	0.218803448222058	0.247	0.162	2.46457016012145e-23	c3	LY9
8.37221209327104e-28	1.03945849739411	0.081	0.039	3.06431334825813e-23	c3	FBLN7
1.07369680733628e-27	0.190111117737236	0.869	0.713	3.92983768453153e-23	c3	SLC25A6
1.38082215480931e-27	0.49775468040325	0.131	0.074	5.05394716881757e-23	c3	KLF9
1.76535612249567e-27	0.68373928431733	0.131	0.075	6.46137994394639e-23	c3	MHENCR
1.79666033703856e-27	0.426634173200658	0.186	0.116	6.57595649959484e-23	c3	ILF3-DT
2.25089052716213e-27	0.691374956706177	0.114	0.062	8.2384844184661e-23	c3	TMEM63A
2.27487501245611e-27	1.16114220007302	0.064	0.028	8.32627003309062e-23	c3	LINC01215
2.626929966275e-27	0.175981337100889	0.946	0.815	9.61482636956312e-23	c3	COX4I1
2.77317708177261e-27	2.10369951214732	0.027	0.007	1.01501054369959e-22	c3	SLC22A17
2.99255385335405e-27	0.361894810439842	0.253	0.172	1.09530463586612e-22	c3	ATP6V0E2
3.21200616679727e-27	1.67561583729683	0.032	0.009	1.17562637710947e-22	c3	MINDY1
4.4084766129755e-27	0.692392110809175	0.136	0.079	1.61354652511516e-22	c3	BNIP3
9.18321017693888e-27	1.50504050474613	0.04	0.014	3.3611467568614e-22	c3	LINC01891
2.82101742083308e-26	0.143503199723464	0.687	0.526	1.03252058619911e-21	c3	HNRNPDL
2.86763425542833e-26	0.617721751594612	0.141	0.083	1.04958281382932e-21	c3	BEX4
2.8985858717722e-26	0.758714425312919	0.087	0.044	1.06091141492734e-21	c3	SPART
3.31978380830385e-26	0.802786487006043	0.07	0.032	1.21507407167729e-21	c3	ANK3
4.19457205679242e-26	1.8924764057299	0.028	0.008	1.53525531850659e-21	c3	NOG
4.96277208928342e-26	2.52616945449222	0.016	0.003	1.81642421239863e-21	c3	LINC00511
9.01969255400463e-26	1.34232404768058	0.036	0.012	3.30129767169123e-21	c3	NET1
9.42752822620387e-26	0.146499027649995	0.345	0.245	3.45056960607288e-21	c3	NPC2
9.45793557598533e-26	0.156471591147281	0.558	0.422	3.46169900016639e-21	c3	HMGN1
1.15229447689174e-25	0.127163096386848	0.683	0.525	4.21751301487147e-21	c3	SOD1
1.33133206504633e-25	0.332276470600592	0.245	0.166	4.87280849127606e-21	c3	NSMCE1
2.05001370741716e-25	2.72790540586927	0.016	0.003	7.50325517051755e-21	c3	RAB25
2.05897882232155e-25	0.32922836250061	0.251	0.171	7.5360683875791e-21	c3	RBMX
2.10930979091091e-25	0.285873106641238	0.281	0.196	7.72028476571303e-21	c3	SH3BP5
2.21250570124113e-25	0.199128166906272	0.415	0.308	8.09799211711267e-21	c3	EIF3D
2.69360944590098e-25	0.396939216976216	0.184	0.117	9.8588799329422e-21	c3	SNHG3
3.272508734045e-25	1.06549749387711	0.048	0.019	1.19777092174781e-20	c3	STRADB
3.3400779291503e-25	0.155705633765737	0.318	0.223	1.2225019228483e-20	c3	CD5
4.32945797317462e-25	0.106343717017113	0.595	0.45	1.58462491276164e-20	c3	HMGN2
5.9322829461625e-25	1.86171162952828	0.027	0.008	2.17127488112494e-20	c3	AC009041.2
6.29266677443443e-25	0.885297014723869	0.101	0.055	2.30317896611075e-20	c3	FAM153CP
8.96091418566698e-25	0.132193746974182	0.616	0.47	3.27978420109597e-20	c3	PEBP1
9.37256438947779e-25	1.97911724005325	0.033	0.011	3.43045229219276e-20	c3	ABO
9.64980815439507e-25	1.53517248077238	0.037	0.013	3.53192628259014e-20	c3	HOOK1
1.48123047739842e-24	0.337468499274994	0.181	0.115	5.42145167032596e-20	c3	CRLF3
1.57462763196225e-24	0.612954854205031	0.121	0.07	5.76329459574503e-20	c3	ITGA6
2.21297322006449e-24	2.10354465418348	0.022	0.005	8.09970328275805e-20	c3	ALS2CL
2.34522836069946e-24	0.952172591471814	0.067	0.031	8.58377032299609e-20	c3	BACH2
2.76224634205174e-24	0.121546131659575	0.555	0.42	1.01100978365436e-19	c3	PKM
3.15808440383605e-24	0.181591340690956	0.398	0.291	1.15589047264803e-19	c3	TNFRSF14
4.81843786581753e-24	0.222287331554234	0.327	0.236	1.76359644326787e-19	c3	TIMP1
4.99105081291016e-24	0.36095441894448	0.172	0.109	1.82677450803325e-19	c3	GALT
5.10957462559357e-24	0.822707129852089	0.075	0.036	1.8701554087135e-19	c3	CEP68
6.08014463184987e-24	0.208611439424815	0.284	0.199	2.22539373670337e-19	c3	CCDC18-AS1
9.34630026523931e-24	0.13215992969235	0.561	0.424	3.42083936008024e-19	c3	ANAPC16
9.94903816511362e-24	0.340104486363617	0.204	0.135	3.64144745881324e-19	c3	RASA3
1.46589305327431e-23	0.651855487119028	0.097	0.052	5.36531516428929e-19	c3	PABPC4
2.70649815425734e-23	0.558133746586324	0.121	0.07	9.90605389439728e-19	c3	APBB1
2.8758141773852e-23	0.303842587005802	0.164	0.103	1.05257674706476e-18	c3	MKRN1
3.36949571522487e-23	0.36843914410623	0.184	0.119	1.23326912672946e-18	c3	SVIP
5.40827368791706e-23	0.781604420510845	0.091	0.048	1.97948225251452e-18	c3	ABRAXAS1
5.82102997157214e-23	1.24642697850366	0.054	0.024	2.13055517989512e-18	c3	VSIG1
7.77532521333738e-23	0.150596673770555	0.458	0.345	2.84584678133361e-18	c3	ATP5PD
9.50596963101101e-23	0.690647588112138	0.09	0.048	3.47927994464634e-18	c3	SSBP2
1.05168218342848e-22	3.03740984590816	0.011	0.001	3.84926195956659e-18	c3	C14orf132
1.11300625273623e-22	0.530314104004067	0.135	0.082	4.07371418563987e-18	c3	TACC3
1.19710678084276e-22	0.522195727923198	0.107	0.06	4.3815305285626e-18	c3	AP3M2
1.42134210767018e-22	0.229853721330988	0.304	0.218	5.20225424828364e-18	c3	CLNS1A
1.49336752373807e-22	0.421103976122522	0.177	0.115	5.46587447363369e-18	c3	U2AF1L4
2.25148688888584e-22	0.960951651142476	0.064	0.031	8.24066716201105e-18	c3	ZBED5-AS1
3.17891216201458e-22	1.76369609111002	0.019	0.005	1.16351364041896e-17	c3	MIR4458HG
3.69016390769554e-22	0.351184406915547	0.214	0.146	1.35063689185564e-17	c3	SNHG16
4.14177094740792e-22	0.145672006664922	0.741	0.588	1.51592958446077e-17	c3	CIRBP
4.38083781291992e-22	0.132139800732347	0.776	0.61	1.60343044790682e-17	c3	PNRC1
6.69929686094261e-22	0.200496579603915	0.339	0.249	2.4520096440736e-17	c3	IL16
8.23560277271581e-22	0.396831400023126	0.168	0.108	3.01431297084171e-17	c3	CA5B
8.59434356520194e-22	0.705911449652771	0.083	0.043	3.14561568829956e-17	c3	FBXL8
1.03695629930262e-21	0.544313509284438	0.084	0.044	3.79536375107751e-17	c3	MAP3K1
1.33265706011161e-21	1.37551859393204	0.063	0.03	4.87765810571451e-17	c3	TTC39C-AS1
1.39049513093896e-21	0.988256823676822	0.076	0.039	5.0893512287497e-17	c3	EPHB6
1.55042170179352e-21	0.448871898936654	0.128	0.077	5.67469847073447e-17	c3	MX2
1.56881209016128e-21	0.815201274928469	0.078	0.041	5.7420091311993e-17	c3	PDCD4-AS1
1.78549676701926e-21	0.37586320567574	0.174	0.114	6.53509671696721e-17	c3	DENND1C
1.90774859283651e-21	1.78943398257805	0.026	0.008	6.98255062464092e-17	c3	SULT1B1
2.6690160015472e-21	0.192893611312824	0.357	0.267	9.7688654672629e-17	c3	CHCHD10
3.36442236540356e-21	0.142669389883554	0.911	0.778	1.23141222996136e-16	c3	PCBP2
3.97047357815093e-21	0.523370661740376	0.127	0.077	1.45323303433902e-16	c3	SORBS3
4.02735090282337e-21	1.0264146641009	0.048	0.021	1.47405070394238e-16	c3	EPHA4
4.12542691319963e-21	1.56681050771149	0.031	0.011	1.5099475045002e-16	c3	LEF1-AS1
4.20421033595145e-21	0.364759143223976	0.182	0.12	1.53878302506159e-16	c3	TOB1
4.71257296686349e-21	0.405524855747868	0.126	0.076	1.72484883160171e-16	c3	LGALS3BP
5.08135341134369e-21	0.35799352217635	0.216	0.149	1.8598261620859e-16	c3	GIMAP2
6.10615122905191e-21	0.109005003416697	0.587	0.452	2.23491241134529e-16	c3	CUTA
6.38482348014105e-21	0.131883042603012	0.361	0.268	2.33690924196643e-16	c3	RHOH
8.9236187747971e-21	0.144099151703374	0.385	0.288	3.26613370776349e-16	c3	RSL24D1
1.36282015932698e-20	1.33572557013299	0.037	0.015	4.98805806515267e-16	c3	COL18A1
1.38149887802447e-20	0.24275042989889	0.182	0.12	5.05642404345738e-16	c3	PTDSS1
2.03926365043461e-20	0.12756913481739	0.455	0.348	7.46390888695571e-16	c3	EIF3M
2.13275613890816e-20	1.35320466277998	0.038	0.015	7.80610074401777e-16	c3	ATG9B
2.1980341110942e-20	0.92682393566176	0.052	0.024	8.04502465001588e-16	c3	RNF144A
2.20107254021036e-20	0.133925053964843	0.462	0.352	8.05614560442393e-16	c3	ISCU
2.26464721860022e-20	0.739633864996233	0.072	0.037	8.28883528479867e-16	c3	ADPRM
2.64844692786942e-20	0.998835289056077	0.041	0.017	9.69358060069487e-16	c3	EPHA1-AS1
2.83394473772026e-20	0.16102310728716	0.379	0.285	1.03725211345299e-15	c3	PRDX6
4.1380190093528e-20	0.291694407081823	0.242	0.172	1.51455633761322e-15	c3	MZT2A
5.79159610148354e-20	0.572507400929895	0.11	0.065	2.11978208910399e-15	c3	CHTF8
6.93735609926455e-20	0.192731410825595	0.275	0.2	2.53914170589182e-15	c3	BCL11B
8.5094732189859e-20	2.14922003540077	0.018	0.005	3.11455229288103e-15	c3	AL162231.2
1.02116863915741e-19	0.670562591536363	0.076	0.04	3.73757933618005e-15	c3	ARHGAP5
1.3810194640858e-19	0.171914973968825	0.292	0.215	5.05466934050045e-15	c3	TTC3
1.89769974827446e-19	0.356437570403351	0.144	0.092	6.94577084865936e-15	c3	SUCLG2
1.90847253761724e-19	1.53742314216965	0.023	0.007	6.98520033493287e-15	c3	MEOX1
1.96028238435331e-19	0.732900480216539	0.055	0.026	7.17482955497153e-15	c3	PDK1
2.14238581979498e-19	0.58069215377737	0.113	0.068	7.8413463390316e-15	c3	RPS10
2.19883015814657e-19	0.193796079343703	0.347	0.261	8.04793826183225e-15	c3	IGBP1
2.75475294093253e-19	2.19746336653878	0.013	0.002	1.00826712391071e-14	c3	KRT73-AS1
3.51290467140316e-19	0.655505166220753	0.065	0.033	1.28575823878027e-14	c3	SLC8B1
3.51431829478515e-19	1.26452885549336	0.037	0.015	1.28627563907431e-14	c3	ADGRE1
5.60774534655648e-19	0.109689808071667	0.506	0.389	2.05249087429314e-14	c3	LAMTOR4
5.84086858833763e-19	1.88188802968616	0.021	0.006	2.13781631201746e-14	c3	AC136475.5
6.0680223867977e-19	0.142073655847058	0.282	0.203	2.22095687379183e-14	c3	CDC25B
8.3323884936456e-19	0.171381137002211	0.293	0.215	3.04973751255922e-14	c3	R3HDM4
1.0061021606212e-18	0.349980402886703	0.125	0.077	3.68243451808967e-14	c3	TOM1
1.02547542608606e-18	0.467717970256226	0.087	0.049	3.75334260701757e-14	c3	PELI1
1.14249172523693e-18	0.165227641579182	0.352	0.265	4.18163396353968e-14	c3	RBIS
1.28337048933293e-18	0.182928813416079	0.325	0.243	4.69726432800747e-14	c3	TRA2B
1.3169781365997e-18	0.353421825679166	0.154	0.101	4.82027167776857e-14	c3	GABPB1-IT1
1.49019757160622e-18	0.24577631674271	0.149	0.097	5.45427213183592e-14	c3	DPYD
1.49707481183191e-18	1.0906345822864	0.026	0.009	5.47944351878596e-14	c3	H1F0
2.15081665405384e-18	1.53856673270624	0.022	0.007	7.87220403550247e-14	c3	PLAG1
2.31394514403025e-18	2.00872419848858	0.019	0.005	8.46927062166512e-14	c3	MMP28
2.41925997571842e-18	0.773640058456655	0.058	0.029	8.85473343712699e-14	c3	CHD7
3.25049031903582e-18	0.243654177785823	0.221	0.157	1.1897119616703e-13	c3	MAPKAPK5-AS1
3.29936152975245e-18	0.611012305260649	0.093	0.054	1.20759931350469e-13	c3	SGSM3
3.4627984577158e-18	1.58069157313941	0.025	0.008	1.26741886350856e-13	c3	LYPD3
4.09754737570716e-18	1.41115698793876	0.024	0.008	1.49974331498258e-13	c3	ASB13
4.21098297060967e-18	0.103848464675457	0.375	0.284	1.54126187707285e-13	c3	SRP9
4.57882240780506e-18	0.24659904618927	0.197	0.136	1.67589478948073e-13	c3	CHMP3
4.71832105120315e-18	0.369110700981212	0.15	0.099	1.72695268795087e-13	c3	QARS
4.89100431553539e-18	0.466613968827918	0.087	0.05	1.79015648952911e-13	c3	TCP11L2
5.15656344923185e-18	0.114035465956422	0.484	0.376	1.88735378805335e-13	c3	SELENOH
6.76309789420291e-18	1.69017889751051	0.025	0.008	2.47536146025721e-13	c3	ZNF208
8.00578418222703e-18	2.36258853218738	0.012	0.002	2.93019706853692e-13	c3	AC007342.4
8.32725449912427e-18	1.45047714089411	0.029	0.011	3.04785841922447e-13	c3	NCMAP-DT
1.19641291252089e-17	0.233738146042012	0.202	0.141	4.37899090111772e-13	c3	KANSL1-AS1
1.41288385497612e-17	2.09906769070254	0.018	0.005	5.17129619759811e-13	c3	TMEM45B
1.55201407630058e-17	1.14333287557421	0.027	0.01	5.68052672066774e-13	c3	PCSK5
1.75935200645353e-17	0.383929466074087	0.118	0.074	6.43940427882055e-13	c3	SLC25A45
1.82703454361227e-17	0.135303022799177	0.234	0.167	6.68712913307525e-13	c3	FLI1
2.21549248255264e-17	0.28478429601823	0.179	0.124	8.10892403539091e-13	c3	LETMD1
2.33062456167967e-17	1.8193204231525	0.021	0.007	8.53031895820375e-13	c3	FAM153A
2.74412398972653e-17	1.01399524385185	0.054	0.027	1.00437682147981e-12	c3	INF2
2.98035465005871e-17	0.222289874079358	0.209	0.149	1.09083960546799e-12	c3	TMC8
3.01512728332622e-17	0.178209478624557	0.298	0.223	1.10356673697023e-12	c3	SMIM26
3.04127199182852e-17	0.157153561317719	0.248	0.179	1.11313596172916e-12	c3	CRBN
3.29148422428255e-17	1.39218201168235	0.027	0.01	1.20471614092966e-12	c3	AC009041.1
3.33554239879181e-17	1.11057518992899	0.041	0.018	1.22084187338179e-12	c3	AC136475.1
3.35885674262438e-17	0.232911469354732	0.206	0.146	1.22937515636795e-12	c3	HPCAL1
3.49408177818199e-17	0.214880632944187	0.173	0.118	1.27886887163239e-12	c3	FKBP5
3.54036058580013e-17	0.598847386225031	0.107	0.066	1.29580737800871e-12	c3	EBPL
4.1051362919014e-17	0.527997663145822	0.096	0.057	1.50252093419883e-12	c3	MAP4K2
4.14981420316219e-17	0.789625468001979	0.069	0.037	1.51887349649939e-12	c3	LSR
4.47610363610998e-17	0.725875185263743	0.066	0.035	1.63829869185261e-12	c3	SVIL
5.57930595414661e-17	0.493289724871329	0.108	0.067	2.0420817722772e-12	c3	YEATS4
7.30175219725146e-17	0.231313552401942	0.231	0.168	2.67251432171601e-12	c3	NBDY
7.65264250450263e-17	0.145666679268103	0.271	0.2	2.80094368307301e-12	c3	SSU72
8.71210657794146e-17	0.365819498197776	0.147	0.098	3.18871812859235e-12	c3	CD28
9.91585760267861e-17	0.522781143258211	0.103	0.063	3.6293030411564e-12	c3	CENPK
1.11461349138356e-16	0.655284263923265	0.066	0.036	4.07959683981298e-12	c3	PTP4A3
1.28775479791299e-16	0.332081168620832	0.133	0.087	4.71331133584133e-12	c3	SGTB
1.49547195271436e-16	0.825832951389558	0.07	0.039	5.47357689412984e-12	c3	AC013264.1
1.8585593871659e-16	0.723812774879829	0.062	0.033	6.8025132129659e-12	c3	TFAP4
2.22638800345942e-16	0.639159590573917	0.087	0.051	8.14880273146183e-12	c3	DPH5
2.40214242944487e-16	0.680372384451318	0.073	0.041	8.79208150601116e-12	c3	HAPLN3
2.4815696643397e-16	1.20730800610772	0.028	0.01	9.08279312844972e-12	c3	MAP3K14-AS1
3.36222380918802e-16	0.250537264915562	0.15	0.1	1.23060753640091e-11	c3	KAT8
3.7426495034033e-16	0.791522471590797	0.061	0.033	1.36984714474064e-11	c3	RETREG1
6.90124344705474e-16	0.127201144569165	0.354	0.274	2.52592411405651e-11	c3	PPA1
7.62081320752544e-16	0.906617050222109	0.034	0.014	2.78929384208639e-11	c3	TTC12
1.06805086723728e-15	0.510847499857625	0.099	0.061	3.90917297917519e-11	c3	EIF2D
1.10587886441117e-15	0.966066030852287	0.03	0.012	4.04762723163134e-11	c3	ZNF439
1.18795488936984e-15	0.142772906978759	0.251	0.186	4.34803369058254e-11	c3	TMEM243
1.2443929541498e-15	0.769290464565585	0.068	0.038	4.5546026514837e-11	c3	HYI
1.3022400012441e-15	0.893827589913721	0.036	0.016	4.76632862855352e-11	c3	FAM117B
1.35956548986056e-15	1.98028311244374	0.019	0.006	4.97614564943863e-11	c3	RHBDL1
2.21915305501586e-15	0.193158230442906	0.236	0.174	8.12232209666356e-11	c3	CNIH1
2.46510371092338e-15	1.39127380604979	0.026	0.01	9.02252609235066e-11	c3	ST6GALNAC1
2.47521545981758e-15	0.236217893524196	0.177	0.124	9.05953610447833e-11	c3	SNRPN
2.53680248067196e-15	0.128878416804309	0.734	0.639	9.28495075950744e-11	c3	HSPA8
4.15486411814643e-15	0.765952526975075	0.049	0.025	1.52072181588277e-10	c3	PKIA
4.21473076636664e-15	0.120664224771935	0.207	0.148	1.54263360779785e-10	c3	PHF1
5.2715139841385e-15	0.108695227194019	0.376	0.293	1.92942683333453e-10	c3	TMEM219
5.43302654082399e-15	0.168624656835019	0.157	0.108	1.98854204420699e-10	c3	FOS
5.61144920539646e-15	1.38087442111924	0.027	0.01	2.05384652366716e-10	c3	AC139720.1
6.0157831528885e-15	0.26845405980197	0.207	0.151	2.20183679178872e-10	c3	LIMS1
7.27045728693253e-15	0.554881397675294	0.068	0.038	2.66106007159017e-10	c3	FHL1
8.20291881839619e-15	1.07970736040059	0.039	0.018	3.00235031672119e-10	c3	LMO7
9.44288798030815e-15	0.445498411046574	0.091	0.056	3.45619142967259e-10	c3	SH2B1
9.62051279930414e-15	2.06626101886633	0.013	0.003	3.52120388967331e-10	c3	ISM1
1.02235853792493e-14	0.899319769212807	0.031	0.013	3.74193448465903e-10	c3	TPCN1
1.1169464439335e-14	0.100786537385307	0.702	0.559	4.088135679441e-10	c3	APRT
1.16117220480107e-14	0.276929703477268	0.143	0.097	4.25000638679239e-10	c3	SAE1
1.23324677953135e-14	0.390499402011587	0.128	0.086	4.5138065377627e-10	c3	TATDN1
1.23910229190283e-14	0.306040441218775	0.136	0.092	4.53523829859356e-10	c3	SMIM27
1.36605464435529e-14	0.27394785335311	0.115	0.075	4.99989660380478e-10	c3	TMEM106B
1.43223889039469e-14	0.309821846305031	0.129	0.086	5.24213756273362e-10	c3	SNHG1
1.55682578765359e-14	0.400577367693305	0.062	0.034	5.69813806539092e-10	c3	SGSH
1.60806228929239e-14	0.380886680798714	0.096	0.06	5.88566878503906e-10	c3	PVT1
1.70809895715028e-14	2.1729469790345	0.011	0.003	6.25181299306575e-10	c3	SNHG18
1.76813937235696e-14	0.593922890779459	0.075	0.044	6.47156691676372e-10	c3	LINC02361
1.85713773624227e-14	0.297921514297852	0.116	0.076	6.79730982842032e-10	c3	ZBTB25
2.11858270403047e-14	0.384004921182955	0.091	0.056	7.75422455502194e-10	c3	SCOC
2.36930330732574e-14	0.973154279443707	0.038	0.018	8.67188703514293e-10	c3	AC103591.3
2.49342524561309e-14	0.940590434592241	0.039	0.019	9.12618574146848e-10	c3	MORC2
2.59922338283281e-14	1.69381970986412	0.017	0.005	9.51341750350635e-10	c3	GREM2
3.10720963746906e-14	0.102871044655271	0.176	0.124	1.13726979941005e-09	c3	JAK3
3.11279092429941e-14	0.293067861555433	0.106	0.068	1.13931260620283e-09	c3	TMEM131L
3.49136854989802e-14	1.02268827282827	0.04	0.019	1.27787580294818e-09	c3	GSTM3
3.7440999671684e-14	0.372558458528833	0.096	0.06	1.37037802898331e-09	c3	ECE1
3.92536808829998e-14	0.405905270584326	0.095	0.059	1.43672397399868e-09	c3	CASP6
4.6815458908807e-14	0.153282758815011	0.261	0.198	1.71349261152125e-09	c3	MFNG
4.91404622424032e-14	0.224733853499304	0.153	0.106	1.7985900585342e-09	c3	SHISAL2A
4.96417873141256e-14	0.266483150598326	0.17	0.12	1.81693905748431e-09	c3	PFKL
5.02050632085517e-14	0.347488625424604	0.093	0.058	1.8375555184962e-09	c3	NIPAL3
5.7365773314467e-14	0.32632291065286	0.115	0.076	2.09964466908281e-09	c3	TRMT1
5.84550343109887e-14	1.91299289855257	0.015	0.004	2.1395127108165e-09	c3	KDF1
6.1588711551997e-14	0.848475776845088	0.054	0.029	2.25420843151464e-09	c3	BAG3
6.92475078332584e-14	0.244978530737228	0.164	0.116	2.53452803420509e-09	c3	CNST
7.30748364132695e-14	0.427532768792148	0.132	0.091	2.67461208756208e-09	c3	AC008555.4
8.22128742483205e-14	2.00330277558759	0.014	0.004	3.00907341036278e-09	c3	LINC00173
8.25411938973673e-14	0.443148492973284	0.093	0.058	3.02109023783754e-09	c3	CCNC
8.41457001022692e-14	0.854445140165386	0.048	0.025	3.07981676944315e-09	c3	TSGA10
8.44514902322042e-14	0.168286312708397	0.151	0.104	3.09100899398891e-09	c3	NDE1
8.8972668903119e-14	0.224513467867778	0.162	0.115	3.25648865452306e-09	c3	NMRK1
9.89948726075673e-14	0.418149656246856	0.105	0.068	3.62331133230957e-09	c3	BET1L
1.04530098119299e-13	0.782728783301357	0.055	0.03	3.82590612126445e-09	c3	CLUAP1
1.36925024967228e-13	0.113511724580379	0.281	0.215	5.01159283882551e-09	c3	TRAPPC6A
1.68650809115923e-13	1.131054343312	0.024	0.009	6.17278826445189e-09	c3	LINC00920
1.68846013608437e-13	0.340623051802051	0.07	0.041	6.1799329440824e-09	c3	PATJ
1.80183757606383e-13	0.198664198103694	0.183	0.133	6.59490571215121e-09	c3	SNHG7
1.83321073786084e-13	0.15709571067943	0.376	0.302	6.70973462164447e-09	c3	PCBP1
2.02595867255838e-13	0.126989173605377	0.155	0.107	7.41521133743092e-09	c3	MATR3.1
2.13617252416716e-13	0.198998900087666	0.249	0.191	7.8186050557042e-09	c3	MZT2B
2.20114430904467e-13	0.211404125189682	0.179	0.129	8.05640828553438e-09	c3	PIGC
2.33613730381644e-13	0.976294494296001	0.028	0.012	8.55049614569855e-09	c3	DENND5A
2.35237448033292e-13	0.431154416872028	0.106	0.069	8.6099258354665e-09	c3	MPI
2.58181216392501e-13	0.175262594979931	0.23	0.174	9.44969070118192e-09	c3	PQBP1
2.61578544498058e-13	0.19009393642613	0.177	0.127	9.57403630717342e-09	c3	CRTAP
2.6267370200975e-13	0.596568837730345	0.057	0.031	9.61412016725887e-09	c3	NBPF1
2.65608825530692e-13	0.111199376254804	0.224	0.167	9.72154862324886e-09	c3	PMPCB
3.01417141394933e-13	0.470630328022611	0.084	0.052	1.10321687921959e-08	c3	CYB561D2.1
3.18962086193277e-13	0.381928967436087	0.113	0.075	1.16743313167601e-08	c3	ZNF101
3.32585569810808e-13	0.448446778479271	0.088	0.055	1.21729644406454e-08	c3	MCRIP2
3.3744831629589e-13	1.3772390984887	0.022	0.008	1.23509458247459e-08	c3	CKAP4
3.67763426520928e-13	1.95265712824442	0.012	0.003	1.34605091740925e-08	c3	PRRT1
4.41692310811163e-13	0.365758500670682	0.097	0.062	1.61663802679994e-08	c3	COX11
4.70129515288622e-13	0.442353296604105	0.058	0.032	1.72072103890789e-08	c3	APBA2
5.55493475212072e-13	1.54996443005256	0.021	0.008	2.0331616686237e-08	c3	PFN2
5.64303741287049e-13	0.249592302220041	0.127	0.086	2.06540812348473e-08	c3	DYNLRB1
5.77339188712647e-13	0.789525659741289	0.042	0.021	2.11311916460716e-08	c3	OSER1-DT
6.02065041348829e-13	0.718839760838981	0.038	0.019	2.20361825784085e-08	c3	USP53
6.04204312255547e-13	0.432548237139953	0.125	0.086	2.21144820328653e-08	c3	AC245407.2
6.24284128737655e-13	0.360044174570624	0.105	0.068	2.28494233959269e-08	c3	MOAP1
6.75202663058464e-13	0.666098460241297	0.05	0.027	2.47130926706028e-08	c3	ALKBH2
7.53227814414627e-13	0.203722256985629	0.124	0.084	2.75688912353898e-08	c3	CBLL1
7.96958305104754e-13	0.145887716488159	0.139	0.096	2.91694709251391e-08	c3	DDX3Y
8.18192996112825e-13	0.338998395730195	0.106	0.069	2.99466818507255e-08	c3	SMPD1
1.0883279118365e-12	0.159993174483031	0.216	0.162	3.98338899011278e-08	c3	DNPH1
1.09916204567279e-12	0.104251044705097	0.277	0.213	4.02304300336697e-08	c3	NDUFB1
1.14743710632645e-12	0.414502294400666	0.089	0.056	4.19973455286545e-08	c3	HEBP1
1.21577936580745e-12	0.430965971021531	0.077	0.047	4.44987405679184e-08	c3	MRPS27
1.25028205449924e-12	1.24930974089054	0.032	0.015	4.57615734767266e-08	c3	ZNF677
1.31025787305028e-12	0.832780504050358	0.031	0.014	4.79567484115133e-08	c3	KLF7
1.33311605954124e-12	2.28703386347901	0.009	0.002	4.87933808952689e-08	c3	EPPK1
1.4374606526388e-12	0.934135195114727	0.04	0.02	5.26124973472329e-08	c3	AC083798.2
1.47294057131718e-12	0.265016048634122	0.154	0.11	5.391109785078e-08	c3	EBLN3P
1.49260391073665e-12	0.559457957126308	0.056	0.031	5.46307957368722e-08	c3	GGT7
1.53238847698212e-12	0.298951395884665	0.135	0.094	5.60869506460225e-08	c3	PRORP
1.53703173388581e-12	0.548198351293276	0.036	0.017	5.62568984919544e-08	c3	LGMN
1.76738036474881e-12	0.753857647747299	0.037	0.018	6.46878887301713e-08	c3	LINC00243
1.77318926201233e-12	0.931154579024969	0.031	0.014	6.49005001789133e-08	c3	AL136038.5
1.81390495833179e-12	0.258249484158105	0.125	0.086	6.63907353799018e-08	c3	TCEAL8
2.19169006012915e-12	0.857197061345784	0.025	0.01	8.02180478907871e-08	c3	ACSS2
2.19568098954846e-12	1.00167775106467	0.038	0.019	8.03641198984633e-08	c3	TMEM25
3.08959457946019e-12	2.17277599973769	0.008	0.001	1.13082251202822e-07	c3	ARHGAP32
3.39191612835003e-12	0.137087639125717	0.188	0.14	1.2414752221374e-07	c3	GABPB1-AS1
3.46700094769705e-12	1.24575209416051	0.023	0.009	1.2689570168666e-07	c3	AC090204.1
3.5231084182058e-12	2.39981274489247	0.008	0.002	1.28949291214751e-07	c3	PIK3IP1-AS1
3.78588448967346e-12	1.53473801146507	0.02	0.008	1.38567158206538e-07	c3	AFF3
4.69842193162484e-12	1.45782646863909	0.017	0.006	1.71966941119401e-07	c3	AXIN2
5.26691486469293e-12	1.43320497811562	0.016	0.005	1.92774350962626e-07	c3	MALINC1
5.87443552508066e-12	0.135887896852985	0.217	0.165	2.15010214653477e-07	c3	MRPS18B
6.15999563704393e-12	0.289610710784409	0.12	0.083	2.25462000311445e-07	c3	CCDC66
6.28523737681989e-12	0.135569954402219	0.138	0.097	2.30045973228985e-07	c3	IFNAR1
6.44181321647963e-12	0.15452936725864	0.238	0.183	2.35776805536371e-07	c3	ADSL
6.45546026704498e-12	0.124515406924852	0.22	0.166	2.36276301234113e-07	c3	DNAJC19
6.64121905687507e-12	1.52783421736504	0.012	0.004	2.43075258700684e-07	c3	FAM171A1
7.24246855160057e-12	1.0859906499133	0.02	0.008	2.65081591457132e-07	c3	SNN
7.92473284874217e-12	0.144835030340154	0.158	0.114	2.90053146996812e-07	c3	SPTBN1
8.33538987212795e-12	0.938759305279295	0.03	0.014	3.05083604709755e-07	c3	PRKCA
8.47935071802095e-12	1.501123160715	0.021	0.008	3.10352715630285e-07	c3	TNK1
8.52740111365997e-12	0.14661514617559	0.25	0.193	3.12111408161069e-07	c3	NBEAL1
8.69794504618949e-12	1.84816788167625	0.01	0.003	3.18353486635581e-07	c3	AC103563.7
1.01064043039798e-11	0.544978360990249	0.054	0.031	3.69904503929965e-07	c3	TUT1
1.15926537950232e-11	0.644459069978303	0.05	0.028	4.24302721551645e-07	c3	SNHG10
1.19678578143067e-11	1.14108806686639	0.022	0.009	4.3803556386144e-07	c3	PLD6
1.22785643153997e-11	0.350125507894134	0.108	0.073	4.49407732507944e-07	c3	BZW2
1.26421435947066e-11	0.485412863848585	0.078	0.049	4.62715097709855e-07	c3	PCMTD2
1.30231541613262e-11	0.121556665787158	0.164	0.119	4.76660465458701e-07	c3	SLC44A2
1.31937872079497e-11	0.735760503326664	0.031	0.015	4.82905805598165e-07	c3	ALDH5A1
1.32049715304323e-11	0.327301634665705	0.076	0.047	4.83315162985354e-07	c3	CLN5
1.33361006964519e-11	1.31491394107087	0.022	0.009	4.88114621590836e-07	c3	CD79A
1.59777569247758e-11	0.389387359561619	0.087	0.056	5.8480188120372e-07	c3	KLHL36
1.61616503617875e-11	4.31476495199427	0.003	0	5.91532564891785e-07	c3	CLC
1.62858063074312e-11	0.76248210121419	0.049	0.028	5.96076796658289e-07	c3	PRKAG2-AS1
1.64338947178201e-11	0.587076951261738	0.061	0.036	6.01496980566934e-07	c3	ASB16-AS1
1.73808861974649e-11	1.89126799312187	0.013	0.004	6.36157815713413e-07	c3	CNKSR2
2.12284000093507e-11	0.272980206741812	0.106	0.071	7.76980668742247e-07	c3	WDR6
2.22851493789445e-11	0.168877378416885	0.141	0.101	8.15658752418747e-07	c3	FAM102A
2.26960225114106e-11	0.331658601459376	0.145	0.105	8.3069711994014e-07	c3	TP53TG1
2.27145596366641e-11	0.669714772249522	0.063	0.038	8.31375597261544e-07	c3	RCBTB2
2.54634999162639e-11	0.488456676484	0.055	0.032	9.31989560435176e-07	c3	NDUFV2-AS1
2.59867110608004e-11	0.556814215623068	0.068	0.041	9.51139611536357e-07	c3	HEIH
2.80075125292775e-11	0.286049819953879	0.097	0.065	1.02510296608409e-06	c3	IKBKE
3.57617269920443e-11	1.34939658501269	0.021	0.008	1.30891496963581e-06	c3	CLEC11A
4.05174059804833e-11	0.247367192158577	0.109	0.075	1.48297757629167e-06	c3	DIMT1
4.12068063136166e-11	0.403717183595388	0.097	0.065	1.50821031788468e-06	c3	NOA1
4.15788510382625e-11	1.78477569863546	0.013	0.004	1.52182752685145e-06	c3	AL034550.2
4.43389157363588e-11	0.140957671839014	0.149	0.108	1.62284865486647e-06	c3	INTS10
5.41250782726682e-11	1.19088747076597	0.016	0.006	1.98103198985793e-06	c3	MAN1C1
5.60947881097104e-11	0.106787220882536	0.179	0.133	2.05312533960351e-06	c3	AKIRIN1
5.63559827775326e-11	0.387840362006683	0.151	0.111	2.06268532564047e-06	c3	NINJ1
5.98399506887833e-11	0.283781331744525	0.111	0.076	2.19020203516016e-06	c3	XAB2
6.00533251337437e-11	0.33083386607891	0.098	0.066	2.19801175322015e-06	c3	HAUS4
6.37993976255428e-11	0.794338588696085	0.032	0.016	2.33512175249249e-06	c3	LINC00954
6.42234854621152e-11	0.142255191839208	0.08	0.051	2.35064379139888e-06	c3	ICOS
6.71169121294783e-11	0.16483877510432	0.097	0.064	2.45654610085103e-06	c3	RAB3GAP1
6.99985310418346e-11	0.595361011536465	0.035	0.018	2.56201623466219e-06	c3	FAM120C
7.58329565127927e-11	0.394518050109437	0.091	0.06	2.77556204132473e-06	c3	TTC28-AS1
7.59860386903067e-11	0.527195686200919	0.06	0.036	2.78116500210392e-06	c3	PIP4P2
7.78848830706007e-11	0.219722309577712	0.134	0.096	2.85066460526706e-06	c3	KARS
8.32675982876926e-11	1.65616109064857	0.012	0.004	3.04767736492784e-06	c3	PDE9A
1.03229660931128e-10	0.854066638142994	0.041	0.022	3.77830881974021e-06	c3	INTS6-AS1
1.24525743945352e-10	0.145385857832793	0.164	0.121	4.55776675414384e-06	c3	C15orf40
1.29018465396244e-10	0.283657350053658	0.117	0.082	4.72220485196794e-06	c3	SMIM20
1.38351420345562e-10	0.376925860747821	0.079	0.051	5.06380033606792e-06	c3	ITPKB
1.42544978657494e-10	0.419060373363284	0.063	0.039	5.21728876384295e-06	c3	NAT9
1.59992209478557e-10	0.491266911844071	0.064	0.039	5.85587485912465e-06	c3	KLHL22
1.63914568156623e-10	1.4450526023641	0.012	0.004	5.99943710910055e-06	c3	TMEM30B
1.72372181736963e-10	0.217441783658262	0.148	0.109	6.30899422375457e-06	c3	PRPF19
1.82695543989047e-10	0.742280735234429	0.03	0.014	6.68683960554311e-06	c3	AL050341.2
1.83334015613932e-10	0.857202692760339	0.038	0.02	6.71020830548553e-06	c3	AP000787.1
2.04532387704136e-10	1.43117906971135	0.014	0.005	7.48608992235907e-06	c3	KLHL3
2.08499874994228e-10	0.135812970526013	0.152	0.112	7.63130392466374e-06	c3	MLLT3
2.13570937039884e-10	0.312248185564234	0.091	0.061	7.81690986659678e-06	c3	SNX9
2.29134118439204e-10	0.222085240293631	0.148	0.109	8.3865378689933e-06	c3	ARL14EP
2.52233996157668e-10	1.76277621092913	0.013	0.004	9.23201649336679e-06	c3	IGF1R
2.97777678539144e-10	0.842200868925293	0.027	0.013	1.08989608122112e-05	c3	NCKIPSD
3.13991905903365e-10	2.13957115900625	0.009	0.002	1.14924177479691e-05	c3	CACNA1I
3.14029692937353e-10	0.292132190539015	0.099	0.068	1.14938007912e-05	c3	LINS1
3.25045077217458e-10	1.24363467225428	0.02	0.008	1.18969748712362e-05	c3	HPCAL4
3.64319981962672e-10	0.766596860845654	0.036	0.019	1.33344756598157e-05	c3	HHLA3
3.72506854005577e-10	0.775495195449513	0.019	0.008	1.36341233634581e-05	c3	SCML1
3.73370555727855e-10	0.451647845215777	0.057	0.034	1.36657357101952e-05	c3	PTOV1
4.25452265320889e-10	0.543489410640232	0.055	0.033	1.55719783630099e-05	c3	LYRM9
4.67552449105887e-10	0.312247321750921	0.102	0.071	1.71128871897246e-05	c3	HSD17B8
4.99767716649219e-10	0.101626417016568	0.173	0.13	1.82919981970781e-05	c3	ATIC
5.01562901876822e-10	0.290184632908658	0.08	0.052	1.83577037715936e-05	c3	AC025164.1
5.13812093696053e-10	0.360952367111901	0.091	0.061	1.88060364413692e-05	c3	TCEAL4
5.50555228532993e-10	0.319995366496881	0.089	0.06	2.01508719195361e-05	c3	AHCY
5.59948977420239e-10	0.351576383651317	0.094	0.064	2.04946925225582e-05	c3	LHPP
5.78045820178326e-10	2.55113977527327	0.007	0.002	2.11570550643469e-05	c3	TSPAN6
5.89006611483757e-10	0.190072061437691	0.158	0.118	2.1558230986917e-05	c3	DNAJC4
5.9487671531481e-10	0.250783433202173	0.07	0.044	2.17730826572374e-05	c3	ATP8B2
6.01399252143438e-10	0.843519271868288	0.04	0.022	2.2011814027702e-05	c3	IATPR
6.34145395742277e-10	0.484920957259514	0.056	0.034	2.32103556295631e-05	c3	MAN2C1
6.47705542258225e-10	1.49392551555364	0.016	0.006	2.37066705521933e-05	c3	ECRG4
6.49696655533661e-10	0.888020679766226	0.032	0.016	2.37795472891875e-05	c3	C1orf54
6.97285563868917e-10	0.653306202303372	0.053	0.032	2.55213489231662e-05	c3	SLC2A11
7.56125423788599e-10	1.63106660116026	0.011	0.004	2.76749466360865e-05	c3	PTK2
7.72608796728228e-10	0.159074821548801	0.144	0.107	2.82782545690499e-05	c3	H1FX
8.23307415565861e-10	0.256493141200654	0.117	0.084	3.01338747171261e-05	c3	TIMM9
8.24998069542699e-10	0.172900549467323	0.096	0.065	3.01957543433323e-05	c3	TAB2
8.67477141530716e-10	1.29127447507902	0.015	0.005	3.17505308571658e-05	c3	CDK5R1
9.31720246558013e-10	1.01938518727527	0.02	0.008	3.41018927442698e-05	c3	PPFIBP2
9.68160040987794e-10	0.201197638770837	0.154	0.115	3.54356256601942e-05	c3	FAM200B
9.71057992677338e-10	0.151887456582636	0.119	0.084	3.55416935899833e-05	c3	SNAP23
9.90414979090777e-10	1.38326415630459	0.016	0.006	3.62501786497015e-05	c3	NAP1L3
1.00104690344237e-09	0.372599644698943	0.028	0.014	3.66393177128941e-05	c3	DST
1.06256212884052e-09	0.200958326469424	0.132	0.096	3.88908364776918e-05	c3	NT5DC1
1.06803946215854e-09	0.24818674685924	0.176	0.135	3.90913123544646e-05	c3	LAGE3
1.07022663680027e-09	4.78436956812498	0.002	0	3.91713651335267e-05	c3	GOLT1A
1.09263925484337e-09	0.3944565334634	0.07	0.045	3.99916893665224e-05	c3	AL450998.2
1.09889662260056e-09	2.7087422042267	0.006	0.001	4.02207152838031e-05	c3	RNF175
1.15041555166644e-09	0.325530065375148	0.07	0.045	4.21063596065433e-05	c3	LINC00476
1.24638445971843e-09	0.776112572038086	0.036	0.02	4.56189176101542e-05	c3	LINC02482
1.40727626505866e-09	0.268760639509537	0.109	0.077	5.1507718577412e-05	c3	UBE2E1
1.41425292757241e-09	0.519751353722478	0.054	0.033	5.17630714020777e-05	c3	AIG1
1.42186360102555e-09	0.130340700505034	0.13	0.094	5.20416296611362e-05	c3	TSNAX
1.4608310275824e-09	0.811320530215574	0.034	0.018	5.34678764405435e-05	c3	ZSCAN18
1.51452939534644e-09	0.184074634210767	0.11	0.077	5.5433290399075e-05	c3	BSCL2
1.77513160042635e-09	0.119836161112685	0.194	0.15	6.49715917072049e-05	c3	CCDC59
1.81099493185454e-09	0.130938430339706	0.118	0.085	6.62842255008081e-05	c3	ZC3H7A
1.91524030848174e-09	0.24828516202726	0.094	0.065	7.00997105307402e-05	c3	UXS1
2.03376571217841e-09	0.514992058455173	0.067	0.043	7.4437858831442e-05	c3	DNAJC30
2.2891696439841e-09	0.405445245167541	0.092	0.064	8.37858981394621e-05	c3	PITPNA-AS1
2.46913742372125e-09	0.216591643297107	0.103	0.072	9.03728988456215e-05	c3	ZSCAN16-AS1
2.49809524004599e-09	0.367185092096086	0.079	0.052	9.14327838809232e-05	c3	SLC35A4
2.50288245354764e-09	0.382336620206799	0.079	0.052	9.16080006822972e-05	c3	NFRKB
2.6240522114113e-09	0.447827252340093	0.1	0.071	9.6042934989865e-05	c3	C11orf1
2.65497396406629e-09	0.959314739164625	0.032	0.016	9.71747020587903e-05	c3	FN3K
2.86697588869508e-09	0.410076668478691	0.091	0.062	0.000104934184502129	c3	POLR1E
2.88182495627225e-09	0.523395621474199	0.134	0.098	0.000105477675224521	c3	PLCG2
2.8911974163846e-09	0.245526905682242	0.099	0.069	0.000105820716637093	c3	SDHAF3
3.01004049201175e-09	3.38461762210304	0.003	0	0.000110170492048122	c3	AC008522.1
3.03693998922212e-09	1.05126296923781	0.025	0.012	0.000111155040545519	c3	KRT18
3.0866224978932e-09	1.72874139020838	0.008	0.002	0.000112973470045389	c3	EDAR
3.19854824803912e-09	0.94514221071138	0.023	0.011	0.00011707006442648	c3	IRS2
3.25275586150911e-09	0.795994339013593	0.025	0.012	0.000119054117287095	c3	SLC35G1
3.36650082745241e-09	2.45851931126458	0.005	0.001	0.000123217296785586	c3	NEXMIF
3.41078383986167e-09	0.203736499725428	0.085	0.057	0.000124838099322777	c3	AC079781.5
3.73333060962794e-09	1.36809649603821	0.013	0.004	0.000136643633642992	c3	BCL7A
3.75242633295255e-09	0.413876058500953	0.049	0.029	0.000137342556212396	c3	XPNPEP3
3.81062060098126e-09	0.121131504899358	0.138	0.102	0.000139472524616515	c3	STAT6
3.913466418049e-09	0.288863748644581	0.081	0.055	0.000143236784367012	c3	C8orf33
3.92774151567792e-09	0.241494620834187	0.078	0.052	0.000143759267215328	c3	USP5
4.06185678533314e-09	2.73165250129743	0.005	0.001	0.000148668020199978	c3	CYP4F12
4.18425943904732e-09	0.102563262673277	0.134	0.098	0.000153148079728571	c3	CNOT8
4.19665665550125e-09	1.03007708619532	0.023	0.01	0.000153601830248001	c3	TKTL1
4.3630251882537e-09	2.96865150541208	0.003	0	0.000159691084915274	c3	LINC02764
4.37290899279946e-09	0.167701931170305	0.143	0.107	0.000160052842045453	c3	CAMK2G
4.5024076056198e-09	0.186466517378737	0.15	0.113	0.00016479262077329	c3	PSMG4
4.64941906820203e-09	0.174028656730241	0.131	0.096	0.000170173387315263	c3	NAE1
4.90626931993777e-09	0.120298440975341	0.136	0.101	0.000179574363379042	c3	ZNF581
4.95463753016274e-09	0.420849517168121	0.077	0.051	0.000181344688241486	c3	AC100810.1
5.72887035691592e-09	1.17319270874899	0.022	0.01	0.00020968238393348	c3	KRTCAP3
5.75623392416444e-09	1.25221465625657	0.017	0.007	0.000210683917858343	c3	ALPK1
5.96653446973704e-09	0.684558317550807	0.044	0.026	0.000218381128126845	c3	EEPD1
6.04776539764574e-09	0.245256254097185	0.077	0.051	0.000221354261319232	c3	CPQ
6.68589431909972e-09	0.531525784163479	0.037	0.02	0.000244710417973369	c3	PDE8A
7.45870203411657e-09	0.856898832477823	0.026	0.013	0.000272995953150701	c3	NUAK2
7.66641184462707e-09	0.501877599407357	0.044	0.026	0.000280598339925195	c3	TRAF3IP2
8.13467470902501e-09	0.163347423631139	0.139	0.103	0.000297737229025024	c3	AL627171.2
8.16817267575701e-09	0.110622907068527	0.098	0.068	0.000298963288105383	c3	DNAJB9
8.84412635249836e-09	0.303436623249566	0.078	0.053	0.000323703868627793	c3	SYNJ2BP
9.35155394034133e-09	2.68748468560665	0.004	0.001	0.000342276225770433	c3	SEMA5A
1.06432709675368e-08	0.150365100599852	0.138	0.103	0.000389554360682816	c3	BLOC1S4
1.08312379962961e-08	0.197811374326282	0.143	0.108	0.000396434141902434	c3	MRPS33
1.09798495493709e-08	0.750038007664878	0.046	0.028	0.000401873473356523	c3	TRAV23DV6
1.20172877691181e-08	1.76615104843238	0.008	0.002	0.000439844749637492	c3	AC008771.1
1.20673057295475e-08	1.91564572848309	0.007	0.002	0.000441675457007168	c3	NRTN
1.2439959473937e-08	2.13706232933551	0.013	0.005	0.000455314956705569	c3	CELA1
1.31499909011213e-08	1.68530265008906	0.013	0.005	0.00048130281697194	c3	GTSCR1
1.37183304424997e-08	0.180185281057126	0.136	0.102	0.000502104612525931	c3	EIF1AY
1.43976554502601e-08	0.91628061670968	0.022	0.01	0.000526968587134969	c3	SLC48A1
1.49554204745633e-08	0.842586368169351	0.019	0.009	0.000547383344789492	c3	ZC4H2
1.53964524008954e-08	1.80391981596967	0.009	0.003	0.000563525554325173	c3	DNAH6
1.54318560159416e-08	0.356473642735341	0.056	0.036	0.000564821362039478	c3	LRRC8D
1.57608067584193e-08	0.744717060508397	0.025	0.013	0.000576861288164904	c3	EFCAB2
1.62908267137704e-08	1.31341115395522	0.014	0.005	0.00059626054855071	c3	LINC01259
1.75997683872593e-08	1.00718653240476	0.021	0.01	0.000644169122742077	c3	GPRASP1
1.76113565555118e-08	2.35775267828641	0.004	0.001	0.000644593261288287	c3	RAI2
1.87192993645913e-08	0.48604428356421	0.053	0.033	0.000685145076043408	c3	PRKAR1B
1.87556085345762e-08	1.50454398751512	0.016	0.007	0.000686474027974024	c3	RNF212
1.88119765382336e-08	0.520980158437355	0.049	0.03	0.000688537153275889	c3	ENTPD6
1.89064621186708e-08	1.95211831641037	0.007	0.002	0.00069199542000547	c3	CAVIN1
2.1034789483355e-08	0.291635373667838	0.074	0.05	0.000769894329880277	c3	PRIM1
2.37289546230056e-08	1.06911162414458	0.017	0.007	0.000868503468156629	c3	AC093512.2
2.39412989691186e-08	0.341822772187412	0.06	0.038	0.00087627548356871	c3	ZNF274
2.4030888127412e-08	1.54542399663292	0.014	0.006	0.000879554536351407	c3	AC022182.2
2.44092091745099e-08	1.01419835783447	0.018	0.008	0.000893401464996237	c3	OSBPL10
2.46052775313125e-08	0.707712709783027	0.027	0.014	0.000900577762923571	c3	SLC44A1
2.51029181402321e-08	0.65906254417381	0.03	0.016	0.000918791906850636	c3	RAB43
2.59812714190043e-08	1.41185116134384	0.009	0.003	0.000950940515206976	c3	TLR5
2.68139421157002e-08	1.04252378377422	0.017	0.007	0.000981417095376742	c3	ZNF667-AS1
2.80071298736965e-08	0.580401846294318	0.051	0.032	0.00102508896050717	c3	ANKRD26
2.83159381749691e-08	0.479006953915841	0.023	0.011	0.00103639165314204	c3	HECW2-AS1
2.87876399552153e-08	0.58346510953585	0.035	0.02	0.00105365641000084	c3	SULT1A1
2.89347986424856e-08	0.247018128256348	0.086	0.06	0.00105904256511362	c3	MRPL45
2.89921778229189e-08	2.01614716964453	0.009	0.003	0.00106114270049665	c3	GAL3ST4
3.02376875908024e-08	0.355193833912816	0.068	0.045	0.00110672960351096	c3	FARSB
3.1138113989866e-08	0.602320299581979	0.021	0.01	0.00113968611014308	c3	BMERB1
3.12246132015413e-08	0.162137622263621	0.1	0.072	0.00114285206778961	c3	ING5
3.13742453559971e-08	1.2263878137309	0.009	0.003	0.00114832875427485	c3	GLS2
3.47527540492341e-08	0.198312724355072	0.063	0.041	0.00127198555095602	c3	KPNA5
3.55437129313277e-08	0.194380351428921	0.053	0.033	0.00130093543699953	c3	UBASH3B
3.81167846224348e-08	0.471482687592952	0.031	0.017	0.00139511243396574	c3	LINC00957
3.96727477796179e-08	0.381379152281022	0.071	0.048	0.0014520622414818	c3	CYB561A3
4.07863720569495e-08	0.328935692418394	0.052	0.033	0.00149282200365641	c3	ZNF138
4.10867929428151e-08	0.303238766940202	0.077	0.052	0.00150381770849997	c3	SMIM4
4.12795168060365e-08	0.990458677205866	0.025	0.012	0.00151087159461774	c3	LRRC8C-DT
4.17274707986854e-08	0.106521055889959	0.062	0.041	0.00152726715870269	c3	CREG1
4.32795786130376e-08	0.110421500900927	0.101	0.072	0.00158407585681579	c3	CPSF7
4.46018364885672e-08	0.125540290450076	0.127	0.095	0.00163247181731805	c3	CHCHD3
4.46147126611982e-08	2.21665202621542	0.006	0.002	0.00163294309811252	c3	RFPL2
4.73287929222764e-08	0.177156423300838	0.078	0.054	0.00173228114974824	c3	YPEL2
4.78383001848626e-08	0.547886294385211	0.039	0.023	0.00175092962506616	c3	ZMAT1
4.81437359178289e-08	0.299099888109479	0.062	0.04	0.00176210887832845	c3	PJA1
5.24181019563226e-08	0.518957538962751	0.049	0.03	0.00191855494970336	c3	LY96
5.24967355110059e-08	1.83851040339342	0.004	0.001	0.00192143301643833	c3	AKAP12
5.28484096980643e-08	0.450188167226016	0.051	0.032	0.00193430464335885	c3	IMMP2L
5.4771823738649e-08	0.321872030278318	0.084	0.059	0.00200470352065829	c3	HDHD5
5.76693463895458e-08	0.615563939348821	0.037	0.022	0.00211075574720376	c3	ALDH6A1
5.82430344312193e-08	1.44993939811038	0.009	0.003	0.00213175330321706	c3	PTGIR
5.92444232515313e-08	0.587064915417717	0.03	0.016	0.0021684051354293	c3	SARDH
5.95006692977555e-08	1.1210021376347	0.013	0.005	0.00217778399696715	c3	MTUS1
6.00315418840016e-08	1.13116094043295	0.013	0.005	0.00219721446449634	c3	ZNF844
6.21565449454802e-08	0.352460368923452	0.062	0.041	0.00227499170154952	c3	FCF1
6.22547631075699e-08	0.19635213417507	0.116	0.086	0.00227858658450016	c3	N4BP2L1
6.4763729181279e-08	0.669284195380837	0.033	0.019	0.00237041725176399	c3	AC015982.2
6.74328833125295e-08	0.828710322094832	0.024	0.012	0.00246811096212189	c3	CERS6
6.7963864255303e-08	0.580493238227324	0.05	0.032	0.00248754539560834	c3	TCAF2
7.41385244025888e-08	0.307636429729467	0.12	0.091	0.00271354413165915	c3	RGL4
7.43303431522506e-08	0.321292237605623	0.06	0.039	0.00272056488971552	c3	RASSF3
7.61768749239986e-08	0.246370508338669	0.067	0.045	0.00278814979909327	c3	PAICS
7.80068783618836e-08	0.190280665104708	0.087	0.062	0.0028551297549233	c3	SLC7A6
8.02307412457517e-08	1.42899569466941	0.011	0.004	0.00293652536033576	c3	GNG7
8.02486286869066e-08	0.392990377171459	0.054	0.035	0.00293718005856947	c3	KLHDC7B
8.46192982078614e-08	0.879287409844679	0.024	0.012	0.00309715093370594	c3	GPR146
9.13256029695969e-08	0.292786243999775	0.072	0.05	0.00334260839429022	c3	TECPR1
9.6846037015576e-08	0.164363464182364	0.105	0.077	0.0035446618008071	c3	HDDC3
1.00269627703443e-07	0.141856514371654	0.107	0.078	0.00366996864357371	c3	DRAM2
1.04461908457325e-07	0.135410294678768	0.127	0.096	0.00382341031144655	c3	CEBPZOS
1.08041851121313e-07	0.64149175958076	0.028	0.015	0.0039544397928912	c3	AL080276.2
1.1030880033079e-07	0.346581463346687	0.05	0.032	0.00403741240090725	c3	ZNF44
1.1246983288452e-07	0.472154803760047	0.035	0.02	0.0041165083534063	c3	U2AF1L5
1.12838890635429e-07	3.84931776981691	0.003	0	0.00413001623614733	c3	PTPRS
1.27413469834666e-07	0.126878036827441	0.136	0.104	0.00466346040941863	c3	MITD1
1.33307750438294e-07	0.240823791419333	0.06	0.04	0.00487919697379199	c3	COQ8A
1.36039581388314e-07	0.716745236741893	0.039	0.023	0.00497918471839367	c3	AC012645.3
1.36860598962878e-07	0.334892666393185	0.058	0.038	0.00500923478264029	c3	ELK1
1.37835175207801e-07	0.874727656741686	0.022	0.011	0.00504490524778073	c3	AL136419.3
1.40485105802542e-07	0.988426411704984	0.053	0.035	0.00514189535747885	c3	TRBV3-1
1.4498404049732e-07	0.110668252756985	0.079	0.055	0.0053065608662424	c3	HIVEP2
1.49576071509087e-07	0.129462357166719	0.072	0.049	0.00547463379330409	c3	HPS4
1.50277702072086e-07	2.21155135929589	0.005	0.001	0.00550031417354041	c3	CLMP
1.52520817187214e-07	0.175227593576221	0.087	0.062	0.00558241442986923	c3	CRTC3
1.65780722896984e-07	0.132698984475769	0.088	0.062	0.00606774023875252	c3	STAT5A
1.73640902919726e-07	0.108442648264041	0.103	0.075	0.00635543068776491	c3	HSD17B11
1.83510682470348e-07	0.921707580854171	0.022	0.011	0.0067166744890972	c3	IGSF22
1.94420543120249e-07	1.32212697612759	0.017	0.008	0.00711598629874424	c3	CXCR5
2.0736421330433e-07	6.48669083942179	0.001	0	0.00758973757115179	c3	AC097639.1
2.11856387538216e-07	3.05703679813618	0.003	0	0.00775415564028625	c3	TMEM132E
2.19315192629011e-07	0.214829155167523	0.042	0.025	0.00802715536541444	c3	ZNF10
2.24686991485628e-07	1.22989069600738	0.01	0.004	0.00822376857536545	c3	NLRP6
2.27770546737858e-07	0.25308175453141	0.055	0.036	0.00833662978115234	c3	SNHG14
2.31158660308197e-07	6.11398018544903	0.001	0	0.00846063812594032	c3	AC025176.1
2.31158660308197e-07	7.06567631025983	0.001	0	0.00846063812594032	c3	AL662890.1
2.31158660308197e-07	6.55431323634625	0.001	0	0.00846063812594032	c3	AL132996.1
2.31158660308197e-07	6.97336937502698	0.001	0	0.00846063812594032	c3	MYLK3
2.31158660308197e-07	6.09390216710937	0.001	0	0.00846063812594032	c3	MAGED4B
2.31339347048913e-07	0.300307261784569	0.094	0.068	0.00846725144133726	c3	TRAV9-2
2.34172051332046e-07	1.31759223575098	0.016	0.007	0.00857093125080422	c3	LINC02295
2.40702240028391e-07	0.602428404294042	0.035	0.02	0.00880994268727912	c3	AL499604.1
2.41801503877924e-07	0.904120364734876	0.017	0.008	0.00885017684343588	c3	MB21D2
2.43226726856037e-07	0.30024668431804	0.049	0.031	0.0089023414296578	c3	SPATC1L
2.46771466304591e-07	0.421427824365284	0.063	0.043	0.00903208243821432	c3	MAGEH1
2.52002283044177e-07	0.533431473665384	0.034	0.02	0.00922353556169992	c3	METAP1D
2.71547008430674e-07	1.17092234685733	0.009	0.003	0.00993889205557109	c3	PLLP
2.79038428159955e-07	2.32211159995456	0.006	0.002	0.0102130855090825	c3	ZNF516
2.82255309091515e-07	1.20048409786707	0.014	0.006	0.0103308265680585	c3	AC110611.2
2.94045193194881e-07	0.179165559269013	0.09	0.065	0.0107623481161258	c3	DUS3L
2.96616083741091e-07	1.20525193986126	0.013	0.005	0.0108564452810077	c3	RASA4B
2.97886117958081e-07	0.835689191535184	0.02	0.01	0.0109029298033837	c3	ZNF681
3.00024063124576e-07	0.10711635191974	0.18	0.144	0.0109811807344226	c3	ITGB2-AS1
3.02904223048041e-07	0.391054984365608	0.05	0.033	0.0110865974677814	c3	DNMT3A
3.07095792241179e-07	0.164208220468676	0.091	0.066	0.0112400130918194	c3	PRPSAP2
3.15242325484187e-07	0.231998860163043	0.055	0.036	0.0115381843550467	c3	TRMT2B
3.21804132089358e-07	1.85936320779672	0.008	0.003	0.0117783530386026	c3	AC022182.1
3.37852039106736e-07	0.325294398482584	0.082	0.059	0.0123657224833456	c3	COASY
3.47701871940196e-07	0.578981201694199	0.046	0.029	0.0127262362148831	c3	SPAG16
3.49554357718484e-07	1.5016367979365	0.011	0.004	0.0127940390468542	c3	ZNF582-AS1
3.613061423168e-07	0.266062426917172	0.07	0.049	0.0132241661149372	c3	AC073111.4
3.8010370557237e-07	1.73355413483596	0.005	0.001	0.0139121757276543	c3	ZNF491
3.82214293419341e-07	0.374776178647436	0.052	0.034	0.0139894253534413	c3	DHRS3
3.86833887041219e-07	1.05714299245584	0.013	0.006	0.0141585070995957	c3	GPA33
3.94383652555499e-07	0.71571202886173	0.024	0.013	0.0144348360671838	c3	WDR86
4.39053416148172e-07	0.728661785373155	0.033	0.019	0.0160697940844392	c3	REPIN1
4.42251166183841e-07	0.328287847180109	0.054	0.035	0.0161868349334948	c3	MAD2L1
4.58182560131143e-07	0.298911781695316	0.04	0.024	0.01676993988336	c3	RABL2B
4.65906997726178e-07	1.29623831089416	0.011	0.004	0.0170526620237758	c3	FIRRE
4.7598304217337e-07	0.168327458154033	0.065	0.044	0.0174214553265875	c3	MAP2K5
4.85706026007745e-07	0.326996889311662	0.073	0.051	0.0177773262579095	c3	MYLIP
4.93268858066932e-07	0.846951185637647	0.059	0.04	0.0180541334741078	c3	TRBV2
4.95756302489857e-07	0.18832533744491	0.06	0.041	0.0181451764274312	c3	ZNF107
5.16093550131136e-07	0.34874702557419	0.04	0.025	0.0188895400283497	c3	TMEM38B
5.27776458552498e-07	0.198603009373816	0.135	0.105	0.01931714615948	c3	CCDC57
5.38405437623088e-07	0.445908569733768	0.047	0.03	0.0197061774224427	c3	SYNJ2
5.43238181405664e-07	0.355717271853881	0.051	0.033	0.0198830606776287	c3	RMND5B
5.58055060320947e-07	0.547719666052734	0.02	0.01	0.020425373262807	c3	SPINT1
5.59308740866638e-07	1.22774405196228	0.009	0.003	0.0204712592244598	c3	MEST
5.66487770677974e-07	0.653734333677362	0.026	0.014	0.0207340188945845	c3	PLCL1
5.89625556752119e-07	1.49712471551413	0.009	0.003	0.0215808850026843	c3	SLC9A3
5.90681249394044e-07	0.911530860074056	0.033	0.019	0.0216195244090714	c3	C16orf74
5.94224198501494e-07	0.30053880942921	0.046	0.029	0.0217491998893532	c3	DIPK1A
6.3450376442863e-07	0.250897435967353	0.069	0.048	0.0232234722818523	c3	ANKRD13A
6.44688033592609e-07	1.55361529141573	0.007	0.002	0.0235962267175231	c3	TLE2
6.53634530758924e-07	0.297539699093103	0.075	0.053	0.0239236774603074	c3	GAMT
6.61392693381162e-07	1.12375546348645	0.014	0.006	0.0242076339704439	c3	AP000977.1
6.79079105089744e-07	0.172337560685526	0.1	0.074	0.0248549743253897	c3	RSAD1
6.83655197930458e-07	0.693149474595762	0.023	0.012	0.0250224638994527	c3	TLR1
6.94681400958681e-07	0.249334745340053	0.052	0.034	0.0254260339564887	c3	CREBL2
7.00021814799475e-07	1.72932168014568	0.006	0.002	0.0256214984434756	c3	DCHS1
7.60536378019812e-07	0.601108802885142	0.044	0.028	0.0278363919719031	c3	ACSL6
8.07744109146678e-07	0.13743698945526	0.074	0.052	0.0295642421388776	c3	TRAK2
8.33833367621655e-07	1.02675709452419	0.017	0.008	0.0305191350883202	c3	LINC00653
8.48359417206025e-07	3.718034307616	0.002	0	0.0310508030291577	c3	AC100812.1
8.70390095034739e-07	0.22368145424802	0.077	0.055	0.0318571478683665	c3	ARFIP2
8.79963635051394e-07	0.276429516494526	0.097	0.072	0.0322075490065161	c3	TAF10
8.81672623092831e-07	0.185793777256765	0.078	0.055	0.0322700996778207	c3	WDR86-AS1
9.18211782729228e-07	0.775548606734084	0.019	0.01	0.0336074694596725	c3	CLECL1
9.42050490179798e-07	0.485857035964712	0.024	0.013	0.0344799899910708	c3	KIAA1324
9.73691216791721e-07	1.72296516769593	0.005	0.001	0.0356380722257938	c3	NEFM
9.98407440632869e-07	0.795895012165168	0.022	0.011	0.0365427107346036	c3	HAR1B
1.01850518753946e-06	0.291105315989903	0.071	0.05	0.0372783083691319	c3	RERE
1.05734837768461e-06	1.96219835218569	0.006	0.002	0.0387000079716343	c3	AC008892.1
1.07272605531303e-06	0.987438378460032	0.01	0.004	0.039262846350512	c3	MID2
1.07464043669279e-06	0.209421400121162	0.056	0.037	0.0393329146233929	c3	TASP1
1.08459936566065e-06	0.641505755918228	0.03	0.017	0.0396974213825456	c3	TRAV2
1.10113249430286e-06	1.25416507168645	0.011	0.005	0.0403025504239788	c3	CBR3-AS1
1.16836063523195e-06	0.113077382199052	0.131	0.101	0.0427631676101245	c3	RPIA
1.17712596188246e-06	0.121951342794424	0.078	0.056	0.0430839873308598	c3	TMEM154
1.20711751359174e-06	0.355773171183274	0.056	0.038	0.0441817081149713	c3	POLL
1.23307994740693e-06	1.77904341572621	0.007	0.002	0.045131959155041	c3	ARHGAP5-AS1
1.25931167322677e-06	0.745267231091428	0.019	0.009	0.046092066551773	c3	MYL5
1.27534505487809e-06	2.91891756326092	0.003	0	0.0466789043535931	c3	CRYGN
