p_val	avg_log2FC	pct.1	pct.2	p_val_adj	cluster	gene
2.105880161578e-306	0.425645166361926	1	0.993	7.70773197939166e-302	c4	EEF1A1
1.17479357893479e-284	0.841729736249498	0.939	0.665	4.29986197825923e-280	c4	LTB
7.39256573881384e-223	0.40166089870205	0.998	0.978	2.70575298606325e-218	c4	RPL13
1.80768859116928e-218	0.411693397452611	0.996	0.964	6.61632101253868e-214	c4	RPL32
1.21960234761358e-192	0.359948526631301	0.998	0.969	4.46386655250046e-188	c4	RPL11
5.28993250530482e-191	0.380498169323801	0.996	0.958	1.93616819626662e-186	c4	RPL18A
7.05679258255009e-189	0.416639810851132	0.993	0.94	2.58285665313916e-184	c4	RPS13
4.77754811706285e-184	0.424804210245095	0.999	0.958	1.74863038632617e-179	c4	RPS18
2.31985186578756e-182	0.389209839658519	0.995	0.955	8.49088981396904e-178	c4	RPL8
2.75150180315243e-180	0.44245428087449	0.995	0.953	1.00707717497182e-175	c4	RPS4X
2.4483441079268e-176	0.346104706080495	0.997	0.966	8.96118426942286e-172	c4	RPL19
1.38532109320464e-174	0.454043546918041	0.981	0.894	5.07041373323832e-170	c4	RPL9
1.27209584130289e-170	0.310427800799782	0.999	0.986	4.65599798875271e-166	c4	RPL10
8.23533315965059e-170	0.419904911728787	0.991	0.937	3.01421428976371e-165	c4	RPS6
4.5857172921283e-166	0.371864437898186	0.992	0.947	1.67841838609188e-161	c4	RPL29
6.4980123917584e-166	0.343927677035568	0.997	0.978	2.37833751550749e-161	c4	RPS12
5.73667199558838e-165	0.358908907749218	0.998	0.96	2.0996793171053e-160	c4	RPS3A
9.07487760234629e-163	0.321667452684522	0.996	0.969	3.32149595123476e-158	c4	RPL30
8.9805411222697e-162	0.340037180210448	0.996	0.96	3.28696785616193e-157	c4	RPL34
9.37763943131226e-160	0.335821797197124	0.998	0.976	3.4323098082546e-155	c4	TPT1
8.90527107625755e-159	0.377450313566187	0.99	0.936	3.25941826662103e-154	c4	RPS25
1.18586412244624e-154	0.325730333772989	0.999	0.972	4.3403812745655e-150	c4	RPS8
9.25848987963863e-150	0.350328911232459	0.989	0.949	3.38869988084654e-145	c4	RPS28
2.35294995459935e-149	0.340553865522451	0.993	0.955	8.61203212882908e-145	c4	RPL18
2.19621844833654e-147	0.404920518474158	0.988	0.919	8.03837914275657e-143	c4	RPS5
1.78872939324929e-145	0.599406946210086	0.87	0.681	6.54692845223172e-141	c4	LDHB
1.17570284214318e-138	0.323888111064567	0.997	0.958	4.30318997252826e-134	c4	RPS23
1.25990911574135e-138	0.369643091807484	0.993	0.942	4.61139335452493e-134	c4	RPL3
2.6843788819653e-138	0.363111425726358	0.987	0.924	9.8250951458812e-134	c4	RPL5
9.68819408088267e-137	0.382238209903235	0.983	0.908	3.54597591554387e-132	c4	RPL36
1.22529274697083e-135	0.295448170471388	0.996	0.969	4.48469398318795e-131	c4	RPS27A
4.29628278625712e-130	0.388125186674639	0.978	0.897	1.57248246259797e-125	c4	RPL10A
3.26832539417644e-124	0.341679537832499	0.987	0.931	1.19623977752252e-119	c4	RPL37
7.83969436500808e-123	0.350065695502948	0.986	0.927	2.86940653453661e-118	c4	RPSA
5.06512577273018e-117	0.278320788093717	0.999	0.983	1.85388668407697e-112	c4	RPLP1
2.14406423130103e-115	0.348075499212714	0.987	0.936	7.8474894929849e-111	c4	RPLP0
2.24274381125727e-115	0.298139302774571	0.991	0.954	8.20866662358272e-111	c4	RPL39
9.00012666132069e-115	0.297909225642897	0.996	0.964	3.29413635930998e-110	c4	RPS14
3.64322238870346e-112	0.398289251030282	0.95	0.844	1.33345582648936e-107	c4	RPL22
4.42421350937575e-111	0.290302087372691	0.995	0.952	1.61930638656662e-106	c4	RPL12
1.54044854779359e-109	0.465276936426857	0.936	0.829	5.63819572977931e-105	c4	FXYD5
8.99330350184639e-109	0.243911476240115	0.999	0.984	3.2916390147108e-104	c4	RPL41
1.04007308776578e-107	0.272071269720338	0.995	0.964	3.80677150853152e-103	c4	RPS3
3.74733328716722e-107	0.570439130179031	0.775	0.57	1.37156145643608e-102	c4	IL7R
3.83279154715738e-101	0.411867170897172	0.926	0.815	1.40284003417507e-96	c4	RPL4
4.6718247102621e-100	0.262646119854998	0.996	0.96	1.70993456220303e-95	c4	RPS15
1.0210206672534e-99	0.231843586721618	0.998	0.977	3.73703774421418e-95	c4	RPL28
9.50507772131434e-99	0.329035959617156	0.972	0.892	3.47895349677826e-94	c4	RPL24
9.32142351870951e-96	0.399373948846145	0.93	0.793	3.41173422208287e-91	c4	EEF1G
4.09787544673068e-94	0.267341869910075	0.989	0.944	1.4998633922579e-89	c4	RPL35A
1.4770572441986e-93	0.274513436443614	0.994	0.956	5.40617721949128e-89	c4	RPL14
2.1797090209867e-93	0.309627751107504	0.978	0.916	7.97795298771341e-89	c4	RPL17
7.39938087328614e-93	0.375902056139897	0.945	0.835	2.70824739343146e-88	c4	EEF1B2
3.30773050212598e-91	0.338491332723673	0.974	0.898	1.21066244108313e-86	c4	RPS9
4.60846950646541e-88	0.271187498109003	0.985	0.943	1.6867459240614e-83	c4	RPL6
2.75414218137777e-86	0.287209283889607	0.986	0.932	1.00804357980608e-81	c4	RACK1
3.27635318803918e-83	0.303832580232878	0.984	0.915	1.19917803035422e-78	c4	RPS16
4.04762291000256e-79	0.252656676965869	0.99	0.941	1.48147046129004e-74	c4	RPLP2
3.60739140878421e-77	0.293281721907036	0.979	0.913	1.32034132952911e-72	c4	RPL15
3.66805291888333e-76	0.346798031079156	0.919	0.794	1.34254404884049e-71	c4	RPL7
3.28976904415467e-75	0.265074066356711	0.997	0.966	1.20408836785105e-70	c4	RPS27
1.92671045753102e-70	0.395438532646862	0.821	0.691	7.05195294560928e-66	c4	SARAF
2.79276646957231e-70	0.906327501623019	0.337	0.205	1.02218045552816e-65	c4	MAL
2.90885900158902e-70	0.26274533863042	0.981	0.917	1.0646714831716e-65	c4	RPL13A
1.12173008794865e-69	0.210304829759147	0.996	0.971	4.10564429490087e-65	c4	RPS15A
5.90537941329705e-66	0.253172861904428	0.979	0.916	2.16142791906085e-61	c4	NACA
2.73277041916215e-65	0.297033513929848	0.946	0.866	1.00022130111754e-60	c4	RPL36A
2.84869057619661e-65	0.617142413722963	0.571	0.422	1.04264923779372e-60	c4	NOSIP
2.04885454441766e-64	0.217173692243123	0.996	0.957	7.49901251802308e-60	c4	RPL7A
4.28840747135114e-63	0.63321821288128	0.674	0.533	1.56960001858923e-58	c4	JUNB
4.95346312588919e-63	0.286947253509616	0.972	0.912	1.8130170387067e-58	c4	RPS21
8.75899659070264e-62	0.806979659888772	0.406	0.279	3.20588034216307e-57	c4	AQP3
7.39192894252843e-59	0.212372436329546	0.995	0.951	2.70551991225483e-54	c4	RPL26
1.81160622927954e-58	0.243988992635198	0.976	0.907	6.63065995978603e-54	c4	RPL23A
1.82074740361365e-55	0.213390774718665	0.995	0.967	6.66411757196631e-51	c4	RPS19
1.63062220974394e-54	0.200635526286265	0.992	0.955	5.96824034988378e-50	c4	FAU
6.42016940206771e-53	0.199112966067426	0.992	0.952	2.3498462028508e-48	c4	RPS7
8.87159537399929e-50	0.30081960663313	0.91	0.796	3.24709262283748e-45	c4	RPL27
2.83128390818766e-49	0.276969156903009	0.932	0.844	1.03627822323577e-44	c4	PFDN5
3.61883160301848e-49	0.228434884181755	0.971	0.902	1.32452855502079e-44	c4	RPL21
6.49461004405591e-49	0.239913617815571	0.965	0.891	2.3770922222249e-44	c4	RPL35
1.08029967546596e-48	0.237764116702952	0.962	0.882	3.95400484217297e-44	c4	UBA52
3.30807697031894e-47	0.441002403423044	0.614	0.488	1.21078925190644e-42	c4	EIF3E
1.03525633302568e-45	0.476952210572933	0.573	0.459	3.78914170450728e-41	c4	EIF3L
2.10773909598825e-44	0.288480875606011	0.843	0.766	7.7145358652266e-40	c4	RPL38
1.6498217994492e-41	0.308517811177694	0.827	0.716	6.03851276816401e-37	c4	HNRNPA1
1.63349291974362e-39	0.247531692217347	0.898	0.807	5.97874743555361e-35	c4	BTF3
2.65169187138372e-39	0.155939977424993	0.999	0.991	9.70545741845155e-35	c4	FTH1
4.28485788542643e-38	0.194573503656543	0.995	0.967	1.56830083464493e-33	c4	TMSB10
1.68812380598073e-37	0.278451951063246	0.829	0.714	6.17870194227008e-33	c4	TOMM7
4.17360195793981e-37	0.748994283333461	0.33	0.237	1.52758005262555e-32	c4	TIMP1
9.86847013766089e-35	0.265032021524709	0.83	0.735	3.61195875508526e-30	c4	HINT1
2.56022056676981e-34	0.306698096197993	0.683	0.559	9.37066329643417e-30	c4	GAS5
3.0209279976031e-34	0.271417331275259	0.865	0.768	1.10568985640271e-29	c4	NPM1
8.6032543760924e-34	0.308876633312674	0.724	0.616	3.14887713419358e-29	c4	EIF3F
3.74491171078448e-32	0.327418741431235	0.727	0.656	1.37067513526423e-27	c4	EEF2
2.56107229483399e-31	0.450162379392512	0.516	0.421	9.3737807063219e-27	c4	FLT3LG
3.19387717564191e-31	0.262789413058466	0.763	0.645	1.1689909850567e-26	c4	SNHG29
8.49831732722676e-31	0.52448468921049	0.411	0.321	3.11046912493827e-26	c4	TMEM123
1.19131139312205e-30	0.407937476867552	0.547	0.447	4.36031882996603e-26	c4	SMDT1
1.27117243171433e-28	0.227326109068227	0.832	0.723	4.65261821731761e-24	c4	RPL27A
2.95152096799619e-28	0.187468925976994	0.937	0.87	1.08028618949629e-23	c4	RPL37A
5.15299803692975e-28	0.301979052131321	0.708	0.623	1.88604881149666e-23	c4	GSTK1
2.4769213990971e-27	0.331649849188316	0.858	0.791	9.06578001283531e-23	c4	RPS29
5.7641529353201e-27	0.206737322593315	0.875	0.786	2.10973761585651e-22	c4	RPL31
1.71181024044157e-26	0.260839438683901	0.72	0.624	6.26539666104021e-22	c4	NOP53
1.34281189657144e-25	1.03766720129096	0.154	0.096	4.91482582264114e-21	c4	SH3YL1
2.28466965354764e-25	0.21989270061717	0.851	0.758	8.36211939894971e-21	c4	RPS11
1.16716583786633e-24	0.295223748300184	0.626	0.539	4.27194368317455e-20	c4	EIF3H
2.49995783895508e-24	0.281410451742364	0.689	0.629	9.15009568635949e-20	c4	PABPC1
4.9507373303457e-24	0.41271366267569	0.443	0.361	1.81201937027983e-19	c4	RNASET2
1.9357810228527e-23	0.404717155034419	0.368	0.289	7.08515212174315e-19	c4	ARHGAP15
1.18595094495745e-22	1.59037649610263	0.062	0.029	4.34069905363875e-18	c4	PI16
7.60275705162926e-22	0.220207841909019	0.787	0.693	2.78268510846683e-17	c4	EIF3K
1.0028029741313e-21	0.688954824744066	0.178	0.119	3.67035916561797e-17	c4	CRIP2
3.35184077790788e-21	0.243881514111139	0.646	0.553	1.22680724312206e-16	c4	TLE5
7.74126101732459e-21	0.15704997910526	0.958	0.882	2.83337894495097e-16	c4	EEF1D
4.00077161583766e-20	0.785989367034287	0.16	0.107	1.46432241911274e-15	c4	MYC
8.91238341555834e-20	0.193870266392779	0.782	0.699	3.26202145392851e-15	c4	RPS20
1.77858815686146e-19	0.262531322228607	0.59	0.514	6.50981051292862e-15	c4	GPX4
3.9184978168502e-19	0.172863892981375	0.859	0.776	1.43420938594534e-14	c4	ITM2B
4.58780379239076e-19	0.490634381100343	0.328	0.264	1.67918206605294e-14	c4	TRADD
8.14210138734289e-19	0.462424284805809	0.263	0.199	2.98009052878137e-14	c4	RCAN3
2.14069899208906e-18	0.235099680522605	0.667	0.584	7.83517238094515e-14	c4	CNBP
1.14507234764113e-17	0.30848072399278	0.413	0.341	4.19107929960131e-13	c4	CD69
1.63009643001065e-17	0.533993833428957	0.304	0.244	5.96631594348198e-13	c4	C1orf162
2.48061139487719e-17	0.644637358527261	0.22	0.164	9.07928576639e-13	c4	THEM4
3.99915883545786e-17	0.251611065917284	0.596	0.518	1.46373212536593e-12	c4	CNN2
4.5086681395294e-17	0.408394483309966	0.358	0.294	1.65021762574916e-12	c4	SNHG8
8.30353158350262e-17	0.312020207606655	0.469	0.402	3.03917559487779e-12	c4	NSA2
8.43563971399371e-17	0.617155447926911	0.303	0.248	3.08752849171884e-12	c4	IFITM3
8.57968431906342e-17	1.63917012414878	0.033	0.013	3.1402502576204e-12	c4	CCR10
8.59358668887643e-17	0.49867252777878	0.292	0.232	3.14533866399566e-12	c4	ICAM2
1.43819984370786e-16	0.439962484639626	0.345	0.285	5.26395524795514e-12	c4	PLSCR3
2.7293354472544e-16	0.437989223769336	0.195	0.139	9.98964067049582e-12	c4	IFI27
3.26153114358983e-16	0.213992071849201	0.697	0.623	1.19375301386531e-11	c4	COMMD6
4.04423763944481e-16	0.204983369026825	0.718	0.643	1.48023141841319e-11	c4	CCNI
6.98891128592838e-16	0.260260809392452	0.545	0.477	2.55801141976265e-11	c4	SERP1
3.69109318707628e-15	0.202417594376746	0.438	0.363	1.35097701740179e-10	c4	C1QA
6.52601394467812e-15	0.185052656327473	0.465	0.387	2.38858636389164e-10	c4	C1QB
7.81330090895796e-15	0.207682633289956	0.332	0.263	2.8597462656877e-10	c4	SERPINA1
9.92389387724471e-15	0.256089278743713	0.492	0.427	3.63224439801034e-10	c4	PKM
1.43314141288628e-14	0.187831750832267	0.707	0.627	5.24544088530509e-10	c4	C12orf57
2.45583502058549e-14	0.213968796341083	0.573	0.503	8.98860175884494e-10	c4	ANP32B
3.98492182975858e-14	0.141855770196981	0.906	0.837	1.45852123890994e-09	c4	IFITM1
5.78689964024704e-14	0.422438333848381	0.33	0.277	2.11806313732682e-09	c4	PPA1
1.55766578082729e-13	0.167150532070973	0.801	0.721	5.70121252440598e-09	c4	SLC25A6
5.33667941888198e-13	0.862806446991625	0.094	0.061	1.95327803410499e-08	c4	LPAR6
8.6594494760805e-13	0.764871944322938	0.117	0.081	3.16944510274022e-08	c4	SPINT2
8.80112177241114e-13	1.27798449117839	0.055	0.03	3.2212985799202e-08	c4	NEFL
1.02101737846435e-12	0.279713996031458	0.431	0.375	3.73702570691736e-08	c4	PHB2
1.03811413510047e-12	0.406192806027252	0.338	0.286	3.79960154588125e-08	c4	CORO1B
1.99487114145367e-12	1.05222303554368	0.062	0.036	7.30142786483458e-08	c4	FXYD1
2.09030440355307e-12	0.190738008959844	0.632	0.579	7.65072314744459e-08	c4	TSC22D3
5.05409321210658e-12	0.178349230270872	0.609	0.548	1.84984865656313e-07	c4	RPS17
9.26987764302406e-12	2.96659244416603	0.007	0.001	3.39286791612324e-07	c4	PTGDR2
9.81407470771451e-12	0.173223631203165	0.653	0.584	3.59204948377059e-07	c4	RPL23
1.14355407464174e-11	0.475442004999419	0.206	0.161	4.18552226859624e-07	c4	PIM2
1.31460267462582e-11	0.151044431598382	0.777	0.703	4.81157724939797e-07	c4	MIF
1.32567052667377e-11	0.141263690625894	0.849	0.785	4.85208669467868e-07	c4	PCBP2
2.06204917973696e-11	0.200393130656177	0.516	0.458	7.54730620275525e-07	c4	SNHG6
2.46383979678673e-11	0.189169340446594	0.63	0.568	9.01790004021911e-07	c4	APRT
5.59000181315654e-11	0.155514587939032	0.658	0.598	2.04599656363342e-06	c4	CIRBP
5.69211832311464e-11	0.200409216382855	0.538	0.482	2.08337222744319e-06	c4	UXT
9.60008185691530e-11	0.411800372052122	0.254	0.209	3.51372596044957e-06	c4	RASGRP2
9.92852276295945e-11	0.232630129898733	0.454	0.404	3.63393861647079e-06	c4	ALDOA
1.17402791113901e-10	1.09756747269739	0.054	0.032	4.29705955755989e-06	c4	FUT7
1.82665971158775e-10	0.200234228433516	0.483	0.431	6.68575721038233e-06	c4	EIF4B
2.09426835919816e-10	1.28761037959172	0.054	0.032	7.66523162150117e-06	c4	TTC39C-AS1
2.33376996750095e-10	0.786990972601359	0.083	0.055	8.54183145805021e-06	c4	WDR86-AS1
2.98293098022717e-10	0.30801458576681	0.299	0.254	1.09178256807295e-05	c4	CDKN1B
3.39890952566878e-10	0.302977407876228	0.179	0.136	1.24403487549003e-05	c4	MCEMP1
3.51168231218207e-10	0.272714037957626	0.331	0.284	1.28531084308176e-05	c4	ADD3
3.77809456430069e-10	0.465967498074453	0.241	0.2	1.3828203914797e-05	c4	SH3BP5
3.83548827960542e-10	0.150948413113306	0.695	0.62	1.40382706521838e-05	c4	CD48
5.78526147632423e-10	0.353397146322031	0.25	0.207	2.11746355294943e-05	c4	CDC25B
7.52549033637351e-10	1.11186045175255	0.054	0.033	2.75440471801607e-05	c4	LINC02762
7.68846135586091e-10	0.129660511553601	0.799	0.731	2.81405374085865e-05	c4	COX7C
8.45045381014087e-10	0.2735561006002	0.302	0.253	3.09295059904966e-05	c4	TCF7
8.66293677447952e-10	0.124928146731331	0.889	0.822	3.17072148882725e-05	c4	COX4I1
8.85026626071823e-10	0.152891093683019	0.722	0.655	3.23928595408548e-05	c4	UQCRB
9.02087197395369e-10	0.202554756890304	0.453	0.403	3.30172935118679e-05	c4	NAP1L1
1.0464326505304e-09	0.67922328222176	0.142	0.108	3.8300481442063e-05	c4	ATF7IP2
1.04741102731485e-09	0.222145747332062	0.442	0.394	3.83362910107508e-05	c4	ST13
1.50353691964194e-09	0.194617889034996	0.522	0.471	5.50309547958145e-05	c4	ATP5PO
1.80234213924687e-09	0.139420858047679	0.579	0.525	6.59675246385747e-05	c4	TSPO
1.93684413686971e-09	1.30507659268942	0.04	0.022	7.08904322535682e-05	c4	IATPR
2.40134704360929e-09	0.19604556031621	0.474	0.427	8.78917031431438e-05	c4	LEPROTL1
2.93138207120261e-09	0.266037700609483	0.315	0.269	0.000107291515188087	c4	SELL
4.16536614429921e-09	0.133949880933116	0.709	0.646	0.000152456566247496	c4	PCED1B-AS1
4.23314098760491e-09	0.132373252565771	0.595	0.537	0.000154937193287327	c4	HNRNPDL
7.72495849193428e-09	0.138281258859613	0.256	0.208	0.000282741205763287	c4	FCER1G
8.50808339983545e-09	0.15036159990409	0.282	0.232	0.000311404360517377	c4	MARCO
8.51291207402619e-09	0.178274937553633	0.46	0.413	0.000311581094821433	c4	ZFAS1
9.40095496943524e-09	0.11699914843993	0.699	0.616	0.000344084352836299	c4	LIMD2
9.4292960500433e-09	0.235501711927425	0.402	0.358	0.000345121664727635	c4	PRDX2
1.19614413509304e-08	0.271561819066411	0.392	0.352	0.000437800714885403	c4	ATP5PD
1.41863446774493e-08	0.431650970793669	0.211	0.175	0.00051923440153932	c4	LEF1
1.73727195234701e-08	0.13352561510372	0.713	0.645	0.000635858907278529	c4	GPSM3
1.94101038878855e-08	0.955529354970998	0.062	0.04	0.000710429212400498	c4	TRBV2
2.51354585291136e-08	0.13749033420668	0.605	0.55	0.000919982917624086	c4	ATP6V1G1
2.54160659069303e-08	3.95661821603805	0.002	0	0.000930253428259557	c4	AC004706.3
2.6213469390704e-08	0.502960387875462	0.171	0.138	0.000959439193169155	c4	PTGER2
3.26778863315935e-08	0.524110852587126	0.109	0.08	0.00119604331762265	c4	CES1
3.49092129217881e-08	0.112354962030777	0.692	0.638	0.00127771210215037	c4	EVL
3.58554270162926e-08	0.242004374016836	0.226	0.186	0.00131234448422332	c4	LTA4H
3.7744910137728e-08	0.234072325452209	0.354	0.315	0.00138150145595098	c4	RSL1D1
3.83620310375675e-08	0.180000355377483	0.386	0.341	0.00140408869800601	c4	EIF4A2
4.82891408522452e-08	0.168650351381182	0.507	0.461	0.00176743084433303	c4	CUTA
4.89278218158742e-08	0.12774353328447	0.614	0.559	0.00179080720628281	c4	LIME1
5.43519244235557e-08	0.387001104183055	0.236	0.2	0.00198933478582656	c4	ARID5B
7.73519063033833e-08	0.601126722470799	0.2	0.169	0.00283115712261013	c4	GPR183
7.90493965098076e-08	1.17327966760856	0.025	0.012	0.00289328696165547	c4	GPR146
9.63805833629507e-08	0.665575083633577	0.056	0.036	0.00352762573166736	c4	CCR4
1.05145997134389e-07	0.430775164173165	0.141	0.11	0.00384844864111577	c4	S1PR1
1.09417749911817e-07	0.293866334235871	0.327	0.291	0.00400479906452243	c4	POLR1D
1.14907539728906e-07	1.83121998700226	0.012	0.004	0.00420573086161768	c4	AIRE
1.31614970552336e-07	0.528597765204319	0.113	0.086	0.00481723953718604	c4	SERINC5
1.42975100139802e-07	0.319836196698454	0.269	0.233	0.00523303164021688	c4	EIF2S3
1.48387388984319e-07	0.139476990929202	0.225	0.184	0.00543112682421508	c4	APOE
1.67563010923005e-07	1.43298712605468	0.022	0.011	0.00613297376279289	c4	XIST
1.87078768272066e-07	0.28390394248609	0.334	0.298	0.0068472699975259	c4	TMEM219
1.89247364827455e-07	0.421181017611102	0.158	0.127	0.00692664280004967	c4	LDLRAP1
2.00946969697079e-07	0.158288318161023	0.414	0.373	0.00735486003788279	c4	NFKBIA
2.04109433225331e-07	0.471558273211657	0.14	0.11	0.00747060936548033	c4	FOS
2.04720160991323e-07	1.24488352098618	0.039	0.024	0.0074929626124434	c4	FAAH2
2.32762868806834e-07	0.469570950912535	0.164	0.133	0.00851935376119893	c4	TESPA1
2.87216944538128e-07	0.238729311338468	0.355	0.319	0.01051242738704	c4	MCUB
3.82375004725867e-07	3.19473643859375	0.002	0	0.0139953075479714	c4	KIF26A
3.88913737324254e-07	0.140285675143666	0.526	0.48	0.014234631699805	c4	PEBP1
4.62156557346774e-07	2.05478435934024	0.009	0.003	0.0169153921554493	c4	SNHG18
4.85916495631184e-07	0.110183039440723	0.672	0.617	0.017785029656597	c4	SSR2
6.26238464528315e-07	0.442155201319157	0.129	0.101	0.0229209540402008	c4	CD28
6.43129621079445e-07	0.125647528020982	0.59	0.537	0.0235391872611288	c4	EIF3G
7.73320745471546e-07	0.193641671275028	0.365	0.327	0.028304312605004	c4	DNAJB1
8.59223360940125e-07	0.26117898315133	0.308	0.274	0.0314484342337695	c4	ALKBH7
8.66960869285586e-07	0.171349649117534	0.409	0.373	0.0317316347767217	c4	TOMM20
9.4406276854782e-07	0.620063059457037	0.088	0.065	0.0345536413916188	c4	IL6R
