p_val	avg_log2FC	pct.1	pct.2	p_val_adj	cluster	gene
0	1.87129753743237	0.972	0.467	0	c1	NKG7
0	1.66763552827396	0.922	0.488	0	c1	CST7
0	1.65184529805489	0.744	0.33	0	c1	GZMH
0	1.17270986476158	0.986	0.616	0	c1	CCL5
0	1.04104329305572	0.871	0.503	0	c1	GZMA
0	1.41804139372476	0.854	0.491	0	c1	CTSW
0	2.03897482312118	0.561	0.204	0	c1	GNLY
0	1.80357462824782	0.537	0.212	0	c1	PLEK
0	2.0668574814905	0.489	0.195	0	c1	CMC1
0	1.3201494673067	0.616	0.324	0	c1	CD8B
0	1.80451278427769	0.539	0.252	0	c1	DUSP2
0	1.4252737767777	0.694	0.42	0	c1	GZMM
0	1.98386227544876	0.332	0.11	0	c1	TRBV27
0	0.340586084749123	1	1	0	c1	B2M
4.29869516856597e-293	0.423360900023402	0.999	0.991	1.57336541864683e-288	c1	HLA-C
5.53166380363081e-289	1.58106278101236	0.476	0.243	2.02464426876691e-284	c1	KLRG1
9.53513207194114e-271	1.86373473825539	0.307	0.108	3.48995368965118e-266	c1	FGFBP2
8.01925475992603e-265	0.866139491425512	0.811	0.662	2.93512743468053e-260	c1	HCST
1.05238119811282e-230	2.2062761652673	0.235	0.076	3.85182042321274e-226	c1	TRAV26-1
7.35306572108952e-230	1.02906124198202	0.594	0.353	2.69129558457597e-225	c1	GZMK
2.76836194696064e-227	0.566802393250406	0.978	0.957	1.01324815620706e-222	c1	CD74
8.4154262435503e-203	0.42409786008311	0.989	0.956	3.08013015940185e-198	c1	PFN1
3.68659195665926e-199	1.50577847211688	0.332	0.149	1.34932952205685e-194	c1	KLRD1
8.1105279909318e-193	1.05771972549221	0.597	0.443	2.96853434996095e-188	c1	LITAF
1.2357936335641e-186	0.917917085551703	0.683	0.559	4.52312827820797e-182	c1	PLAAT4
1.3746580820896e-181	0.288274416358833	0.998	0.988	5.03138604625613e-177	c1	HLA-A
6.07519369756604e-179	1.04724079437894	0.456	0.259	2.22358164524615e-174	c1	KLRK1
7.61087790541744e-176	0.391356798201358	0.985	0.916	2.78565742216184e-171	c1	IL32
3.55034520843519e-174	1.08410190976201	0.396	0.202	1.29946184973936e-169	c1	GZMB
9.03230344453967e-169	0.253303095049019	0.999	0.995	3.30591338373596e-164	c1	HLA-B
7.45579361024662e-163	0.867024062336114	0.496	0.291	2.72889501928637e-158	c1	CD8A
1.5544634111714e-145	0.334502982339409	0.981	0.926	5.68949153122842e-141	c1	SH3BGRL3
7.43077948745631e-140	2.58917019202585	0.102	0.024	2.71973960020388e-135	c1	TRGV7
2.73641398613009e-137	1.45760399401391	0.351	0.204	1.00155488306347e-132	c1	LYAR
5.99535218032729e-136	1.25035443247961	0.424	0.272	2.19435885152159e-131	c1	KLRB1
3.26673674793996e-124	0.731088692525411	0.634	0.521	1.1956583171135e-119	c1	HLA-DPB1
1.432114686462e-123	0.76679140785969	0.693	0.606	5.24168296391958e-119	c1	IFITM2
6.3982633711312e-114	2.46741064261307	0.106	0.03	2.34182837646773e-109	c1	KLRF1
8.08146697869253e-106	0.557442059551478	0.708	0.633	2.95789772887125e-101	c1	SRGN
1.85891822227409e-105	0.385206553789118	0.926	0.883	6.80382658534539e-101	c1	CALM1
8.69582640588759e-104	1.84016508890045	0.166	0.068	3.18275942281892e-99	c1	FCRL6
1.43063338212159e-100	0.604246239244209	0.677	0.59	5.23626124190324e-96	c1	HLA-DPA1
2.15909834324566e-98	0.518262013073434	0.312	0.179	7.90251584611345e-94	c1	CCL4
6.51203159179099e-98	1.76412969315989	0.173	0.075	2.38346868291142e-93	c1	SPON2
1.120757710375e-97	2.13157398720989	0.106	0.034	4.10208529574355e-93	c1	C1orf21
3.8181993919533e-97	0.135115798524487	0.998	0.997	1.39749915944883e-92	c1	MT-CO2
2.32185814428328e-90	0.927120720929469	0.472	0.366	8.49823299389123e-86	c1	MT2A
1.63411673534892e-80	0.768239806408284	0.532	0.451	5.98103066305059e-76	c1	GSTP1
1.49040974482526e-76	1.62352296671904	0.118	0.046	5.45504870703495e-72	c1	HLA-DQA2
2.09398738228028e-74	0.322910656680491	0.937	0.9	7.66420321788406e-70	c1	CFL1
1.1254106350408e-73	1.42667642818511	0.135	0.058	4.11911546531284e-69	c1	CX3CR1
2.33107411677532e-71	0.741755113635029	0.36	0.245	8.53196437480935e-67	c1	PRF1
9.73550281830714e-70	1.79118881232068	0.122	0.052	3.5632913865286e-65	c1	S1PR5
1.00201577920195e-69	1.31857007754997	0.26	0.164	3.66747795345707e-65	c1	TPST2
1.17392882063807e-67	0.472251334514398	0.702	0.673	4.29669687641739e-63	c1	UBB
6.51356444758675e-67	0.473163627134428	0.766	0.7	2.38402972346123e-62	c1	ZFP36L2
3.5299690805145e-58	2.05994998053459	0.081	0.03	1.29200398315911e-53	c1	CD160
3.72131380928965e-55	1.19390746063751	0.127	0.061	1.36203806733811e-50	c1	CCL4L2
4.4439317055718e-55	0.315859494314325	0.785	0.738	1.62652344355633e-50	c1	CD99
1.17868471362275e-53	1.62716644414033	0.097	0.041	4.31410392033064e-49	c1	TRGV9
2.64156617802003e-53	1.59824720787403	0.112	0.052	9.6683963681711e-49	c1	XCL2
4.70131757460594e-53	1.87750456359902	0.075	0.027	1.72072924548152e-48	c1	PRSS23
8.75812881586065e-53	0.396043610982714	0.73	0.703	3.20556272789316e-48	c1	CYBA
1.71639029912998e-52	0.20752651436694	0.997	0.965	6.28216013384565e-48	c1	RPS19
1.70495567359889e-49	1.60813276374193	0.105	0.048	6.24030826093929e-45	c1	FGR
1.87650310787132e-49	1.32240167118798	0.143	0.076	6.8681890251198e-45	c1	KLRC4
2.00313612728322e-49	0.461946572701382	0.638	0.61	7.33167853946932e-45	c1	PSMB9
1.82581033640951e-45	2.40114860360889	0.055	0.018	6.68264841229244e-41	c1	ASCL2
1.92778180171851e-45	0.31523564110806	0.808	0.8	7.0558741724699e-41	c1	OAZ1
2.2663940017703e-45	0.49535654636773	0.598	0.573	8.29522868587946e-41	c1	PPP1CA
3.58348564618613e-45	0.28613707542269	0.878	0.851	1.31159158136059e-40	c1	SERF2
3.8530608584341e-45	0.10781911868985	0.996	0.993	1.41025880479547e-40	c1	FTL
3.92519845019352e-45	0.647177364511311	0.437	0.364	1.43666188475533e-40	c1	HLA-DRB5
1.40799686136709e-44	0.559746134632025	0.545	0.524	5.15340931228968e-40	c1	GUK1
5.84722994331711e-44	0.93674649800833	0.332	0.261	2.1401446315535e-39	c1	C12orf75
1.09555809669444e-43	0.362452109114625	0.744	0.729	4.00985218971131e-39	c1	PSME1
1.54819420332644e-43	1.73882241953749	0.091	0.041	5.66654560359512e-39	c1	TTC38
2.57234361021565e-43	1.44399912160384	0.136	0.075	9.41503484775028e-39	c1	PTGDR
3.74229598704019e-42	1.08279402209921	0.226	0.153	1.36971775421658e-37	c1	MATK
2.55326311066928e-41	0.322739340972428	0.771	0.759	9.34519831136062e-37	c1	HSP90AA1
8.49963213457851e-41	0.188120873056198	0.998	0.993	3.11095035757708e-36	c1	ACTB
1.67995052163298e-40	0.320362253754153	0.751	0.734	6.14878690422885e-36	c1	ARPC1B
8.64072076529961e-38	1.58110027264142	0.061	0.024	3.16259020730731e-33	c1	DTHD1
3.07252274339215e-36	1.16567937451211	0.139	0.082	1.12457404930896e-31	c1	TGFBR3
3.91456057953234e-36	0.201693246651364	0.899	0.875	1.43276831771463e-31	c1	MYL6
3.34898945568642e-34	0.144008549331202	0.994	0.971	1.22576363067579e-29	c1	RPS15A
1.19159918812028e-33	0.898496530218873	0.277	0.215	4.36137218843902e-29	c1	ZBTB38
2.5540292017498e-32	2.0691948710593	0.063	0.028	9.34800228132446e-28	c1	COL6A2
9.6636876397815e-31	0.788050120156715	0.278	0.213	3.53700631303643e-26	c1	HOPX
3.80341119526492e-30	0.734443036305723	0.372	0.328	1.39208653157891e-25	c1	CLEC2B
8.12439728170352e-30	0.238183466053794	0.852	0.832	2.97361064907631e-25	c1	PPDPF
3.22266628362322e-29	1.47229240708303	0.115	0.068	1.17952808646894e-24	c1	MAP3K8
6.20417682571371e-29	0.996582512725843	0.245	0.19	2.27079075997947e-24	c1	RHOC
6.59828860937241e-29	1.17876716728917	0.099	0.055	2.41503961391639e-24	c1	ADGRG1
3.29343502013047e-28	1.09578907112262	0.149	0.096	1.20543015171795e-23	c1	CLIC3
1.98797708049094e-27	0.143380236588446	0.989	0.951	7.27619491230489e-23	c1	RPL26
4.00415942146542e-27	0.247222925487831	0.745	0.75	1.46556238985056e-22	c1	ARPC2
8.68524252419894e-27	2.79820819779979	0.018	0.004	3.17888561628206e-22	c1	VIPR2
5.87975025059127e-26	0.229367249366079	0.895	0.836	2.15204738921891e-21	c1	IFITM1
7.09822344817138e-26	1.13084265547043	0.172	0.121	2.59802076426521e-21	c1	ABI3
7.6049569565687e-26	1.83899833955933	0.04	0.016	2.78349029567371e-21	c1	SYNGR1
8.85112435059005e-26	1.34175622267188	0.087	0.048	3.23960002355946e-21	c1	USP28
9.89538559387632e-26	0.318572993672582	0.646	0.655	3.62181008121467e-21	c1	PPIB
1.27069011997759e-24	1.3008084033301	0.05	0.022	4.65085290812998e-20	c1	CCL3
1.69028684092325e-24	2.23472446156878	0.027	0.009	6.18661886646319e-20	c1	KIF19
1.44816484536386e-23	0.211471412667383	0.881	0.867	5.30042815051626e-19	c1	PPIA
1.63415101423001e-23	0.548641643323543	0.453	0.44	5.98115612718328e-19	c1	SLC9A3R1
3.95823365438829e-23	0.35349544516377	0.594	0.591	1.44875309984266e-18	c1	LY6E
7.2188272365226e-23	1.166743191364	0.111	0.069	2.64216295683964e-18	c1	PDLIM1
9.52824651392459e-23	1.55032728488231	0.073	0.04	3.48743350656154e-18	c1	LINC02084
1.01647149410305e-21	0.251974649974276	0.705	0.71	3.72038731556657e-17	c1	LSP1
1.11417886858714e-20	2.16431547926543	0.032	0.013	4.07800607691581e-16	c1	MMP23B
3.07647646491884e-20	1.46929175969313	0.035	0.014	1.12602115092495e-15	c1	TRGV8
1.14729279288227e-19	0.167067632816439	0.727	0.708	4.1992063512284e-15	c1	CLIC1
2.33005068529102e-19	0.827948434263609	0.203	0.158	8.52821851323366e-15	c1	SAMD3
2.37148029562001e-19	0.204713569952496	0.755	0.766	8.67985502999879e-15	c1	YWHAB
3.04685490542184e-19	1.48268760360367	0.047	0.023	1.11517936393345e-14	c1	FCRL3
3.20820018884095e-19	0.142105821435846	0.917	0.913	1.17423335111768e-14	c1	HLA-E
1.09816930632927e-18	0.120105127442559	0.987	0.941	4.01940947809577e-14	c1	RPL3
2.03954797971235e-18	0.470727038709322	0.453	0.444	7.46494956054517e-14	c1	FLNA
2.42175931011144e-18	0.919981281198248	0.111	0.074	8.86388125093889e-14	c1	SLAMF7
2.94924020584197e-18	0.996135550474251	0.188	0.148	1.07945140774022e-13	c1	RUNX3
6.13036712644914e-18	1.23341596789819	0.101	0.066	2.24377567195165e-13	c1	ATG2A
7.72237904136809e-18	0.143684742652925	0.954	0.907	2.82646795293113e-13	c1	RPL23A
1.21844491167385e-17	0.157419135942279	0.924	0.885	4.45963022121744e-13	c1	EEF1D
2.63414001083499e-17	0.747949801614707	0.125	0.086	9.64121585365716e-13	c1	ZEB2
2.65072770018604e-17	0.661087992240454	0.337	0.314	9.70192845545092e-13	c1	ARPC5L
3.01553835760025e-17	0.139340421618516	0.95	0.903	1.10371719426527e-12	c1	RPL21
3.76751733944433e-17	1.79584381545	0.027	0.01	1.37894902141002e-12	c1	LGR6
4.37062877311297e-17	0.193054436716008	0.783	0.794	1.59969383724708e-12	c1	H3F3A
5.88801618082688e-17	2.83981082851291	0.013	0.003	2.15507280234445e-12	c1	CNR2
1.29756674578081e-16	0.16326555968392	0.886	0.88	4.74922404623236e-12	c1	CD3E
5.12370474399929e-16	1.44678552369819	0.045	0.023	1.87532717335118e-11	c1	IGLV2-14
1.11421201355772e-15	0.658435116594829	0.295	0.268	4.07812739082260e-11	c1	PPP2R5C
1.79593647786323e-15	1.84973534914634	0.018	0.006	6.57330710262722e-11	c1	EPB41L4A
1.92648184533981e-15	0.33107387763076	0.584	0.585	7.05111620212822e-11	c1	TSC22D3
1.92737348613869e-15	0.909884558818318	0.185	0.148	7.05437969661621e-11	c1	TRG-AS1
4.34498824625984e-15	0.284821033691864	0.614	0.629	1.59030914801357e-10	c1	PNRC1
4.46015505672982e-15	1.36054842326597	0.044	0.023	1.63246135231368e-10	c1	ENC1
8.6776626710098e-15	0.32148438782057	0.564	0.583	3.1761113142163e-10	c1	VAMP2
4.16054753749453e-14	0.286865040729526	0.597	0.616	1.52280200419837e-09	c1	SSR4
5.94498087638216e-14	0.352064529210039	0.519	0.538	2.17592245056463e-09	c1	PSME2
6.27077599095983e-14	0.16727079284917	0.859	0.858	2.29516672045121e-09	c1	H3F3B
1.37327897891921e-13	0.187228057591593	0.719	0.741	5.0263383907422e-09	c1	MYL12B
1.8146561788434e-13	1.13571278396203	0.134	0.102	6.64182308018472e-09	c1	NCR3
3.09168650517036e-13	0.788545230771687	0.216	0.184	1.1315881777574e-08	c1	APMAP
4.00174227553627e-13	0.17510225388653	0.814	0.814	1.46467769026903e-08	c1	RPL36AL
6.43602896783486e-13	0.125523860050157	0.16	0.231	2.35565096251724e-08	c1	TRAPPC6A
6.9329116121635e-13	1.96474330555298	0.026	0.012	2.53751497916796e-08	c1	AP005482.1
8.12318016855571e-13	1.50631181235557	0.069	0.045	2.97316517349308e-08	c1	SMAGP
1.07072481412898e-12	3.87041280871402	0.004	0	3.91895989219349e-08	c1	LINC01505
1.18083251950801e-12	2.67958378078988	0.009	0.002	4.32196510465128e-08	c1	PRSS57
1.38774006384511e-12	0.184920241628832	0.665	0.621	5.0792674076795e-08	c1	RPS4Y1
1.39740402972039e-12	0.218674666209336	0.677	0.714	5.11463848917961e-08	c1	SRP14
1.44287071792415e-12	0.474253198136907	0.392	0.386	5.28105111467418e-08	c1	PAXX
2.05242897323109e-12	1.41727093885115	0.087	0.061	7.5120952849231e-08	c1	CD300A
3.16299521243344e-12	0.131674897276427	0.875	0.869	1.15768787770276e-07	c1	MYL12A
3.26171784437098e-12	0.100196021422897	0.12	0.177	1.19382134821822e-07	c1	COX16
3.37768449379647e-12	2.00439694667264	0.026	0.012	1.23626630157445e-07	c1	TMEM171
5.98717428949285e-12	1.91311665072876	0.024	0.011	2.19136566169728e-07	c1	OSBPL5
7.00079417819168e-12	0.12614773889676	0.145	0.209	2.56236067715994e-07	c1	NDUFAF3
7.42358518636963e-12	0.136350328858007	0.892	0.882	2.71710641406315e-07	c1	ARHGDIB
8.12287596423082e-12	2.22965385759878	0.015	0.005	2.97305383166812e-07	c1	CAPN3
1.0283160281988e-11	0.102887342449282	0.164	0.232	3.76373949481044e-07	c1	RBCK1
1.21695990698076e-11	0.74645450411327	0.243	0.219	4.45419495554027e-07	c1	FYN
1.43954984335624e-11	0.590910660291009	0.23	0.2	5.26889638166817e-07	c1	MYO1F
1.84203286553215e-11	0.103181941696835	0.111	0.163	6.74202449113423e-07	c1	AP3S1
2.19384416490709e-11	0.109570061197159	0.144	0.206	8.02968902797644e-07	c1	TMEM256
2.22855361509928e-11	0.126941176218066	0.638	0.648	8.15672908662489e-07	c1	HLA-DRB1
2.47248027564942e-11	0.100839848169618	0.075	0.117	9.04952505690443e-07	c1	TXNL4A
2.66244992884165e-11	0.121042914894811	0.124	0.18	9.74483298455333e-07	c1	RBBP6
3.04434047022037e-11	0.528140983656201	0.366	0.364	1.11425905550536e-06	c1	ARL4C
3.34893247957454e-11	0.294678749634212	0.546	0.551	1.22574277684908e-06	c1	CD7
4.26206665554481e-11	0.655765425387275	0.296	0.28	1.55995901659595e-06	c1	CDK2AP2
5.06034993671343e-11	0.13707391781184	0.164	0.23	1.85213868033648e-06	c1	MRPL34
5.11670504577903e-11	0.110635366180049	0.111	0.162	1.87276521380558e-06	c1	ABTB1
5.38967640878595e-11	0.429393558274867	0.413	0.422	1.97267546237974e-06	c1	ARL6IP1
5.56430669379926e-11	0.100653181488931	0.99	0.951	2.03659189299747e-06	c1	RPS7
6.40241283933406e-11	1.05722801644891	0.06	0.038	2.34334712332466e-06	c1	CRTAM
6.71607273826338e-11	0.12072218126672	0.227	0.315	2.45814978293178e-06	c1	KRT10
7.44896427825967e-11	2.12258784267732	0.017	0.007	2.72639541548582e-06	c1	AC243829.1
8.03185340661116e-11	0.115932851482429	0.107	0.156	2.93973866535375e-06	c1	MED4
9.00797733356797e-11	1.19495705228395	0.083	0.059	3.29700978385921e-06	c1	MT1E
9.75066908934571e-11	0.123652659192148	0.142	0.201	3.56884239339142e-06	c1	PPP1R11
1.1516490612193e-10	2.10365045376952	0.012	0.004	4.21515072896876e-06	c1	GPR141
1.21994794824779e-10	0.159064674916845	0.125	0.181	4.46513148538174e-06	c1	IDH3G
1.39437933106035e-10	0.161523046502986	0.081	0.123	5.103567789614e-06	c1	GMPR2
1.42285634322362e-10	0.103048247493711	0.095	0.14	5.20779650183277e-06	c1	UBE2J2
1.46478954811308e-10	0.126496266069763	0.122	0.175	5.36127622504868e-06	c1	PIH1D1
1.6585814118691e-10	0.106713369772583	0.123	0.176	6.0705738255821e-06	c1	NDUFS2
1.76721489054207e-10	0.874056151664794	0.092	0.067	6.46818322087304e-06	c1	ADRB2
1.82044000369568e-10	0.106566260429857	0.226	0.311	6.66299245752655e-06	c1	CCT7
1.85953429459517e-10	0.138989341951218	0.18	0.249	6.80608147164777e-06	c1	PRMT1
2.19446961252765e-10	0.105811094249763	0.194	0.268	8.03197822881244e-06	c1	SUMO1
2.24622394639137e-10	0.110477200941481	0.789	0.803	8.22140426618704e-06	c1	EMP3
2.6284909177419e-10	0.111956038979059	0.128	0.181	9.62053960802714e-06	c1	SCAMP3
3.17462080520591e-10	0.126887912185266	0.119	0.171	1.16194296091341e-05	c1	EMC6
3.26800056920847e-10	0.121175864113773	0.118	0.169	1.19612088833599e-05	c1	FIBP
3.29084872463636e-10	0.10884840668938	0.096	0.141	1.20448354170416e-05	c1	MRPS26
3.3913678302681e-10	0.110032499690094	0.205	0.283	1.24127453955643e-05	c1	TOMM5
3.42418001256282e-10	0.102950521172557	0.159	0.22	1.25328412639812e-05	c1	SDHAF2
3.48591652070878e-10	1.0654352521432	0.047	0.029	1.27588030574462e-05	c1	AC103702.2
3.60999179046285e-10	0.183555001162076	0.137	0.193	1.32129309522731e-05	c1	RBM4
4.04918610936703e-10	0.134307427417229	0.059	0.093	1.48204260788943e-05	c1	RBMX2
4.27032823670457e-10	0.12776144715342	0.134	0.189	1.56298283791624e-05	c1	LYPLA2
4.74762553735452e-10	0.147534136207719	0.067	0.104	1.73767842292713e-05	c1	MRPS2
5.02075289682668e-10	0.112723069722822	0.147	0.205	1.83764576776753e-05	c1	PSMC4
6.05570012477975e-10	0.110492705511912	0.136	0.19	2.21644680267064e-05	c1	CWC15
6.24329389415117e-10	0.333347308040782	0.512	0.55	2.28510799819827e-05	c1	PRR13
6.46407206094929e-10	0.120186819346338	0.119	0.17	2.36591501502805e-05	c1	IER3IP1
6.53068943135643e-10	1.25835368449926	0.055	0.036	2.39029763877077e-05	c1	TTC16
7.01913141299205e-10	0.137845439768825	0.101	0.146	2.56907228846922e-05	c1	RNF166
7.05631951183276e-10	0.973965663974009	0.188	0.165	2.58268350452591e-05	c1	PLAC8
7.51030372164155e-10	0.11834837866207	0.201	0.275	2.74884626515803e-05	c1	SNRPA
8.1937203715588e-10	0.142746424050829	0.108	0.154	2.99898359319424e-05	c1	SURF1
8.22899470692252e-10	0.102130190056996	0.069	0.106	3.01189435268071e-05	c1	TIMM10
8.37980055814331e-10	0.11869898066137	0.119	0.169	3.06709080228603e-05	c1	CCDC115
8.39040770033598e-10	0.129567817539003	0.124	0.176	3.07097312239997e-05	c1	MRPL38
8.91177363171508e-10	0.113922777682957	0.101	0.145	3.26179826694404e-05	c1	DDT
9.16705286480596e-10	0.104935128915543	0.096	0.139	3.35523301904763e-05	c1	PIN4
1.03246174580246e-09	0.107452926856081	0.14	0.195	3.77891323581157e-05	c1	FAM107B
1.17021129463479e-09	0.154292510012682	0.118	0.167	4.28309035949278e-05	c1	BUD23
1.28864184680352e-09	0.136105371986702	0.06	0.093	4.71655802348557e-05	c1	TMEM126A
1.31706194329746e-09	0.193037531533883	0.1	0.144	4.82057841866305e-05	c1	TIMM13
1.38722183930779e-09	0.194920838889564	0.106	0.152	5.07737065405043e-05	c1	DPM3
1.41573748675821e-09	0.10663435394562	0.1	0.144	5.18174077528373e-05	c1	XPA
1.44944940009338e-09	0.126299075189678	0.111	0.158	5.30512974928177e-05	c1	TRAPPC3
1.51168323455346e-09	0.377796328764255	0.478	0.501	5.53291180678913e-05	c1	CALR
1.69567804697597e-09	0.789533807802075	0.182	0.156	6.20635121973675e-05	c1	EFHD2
1.89307112699204e-09	0.123304511015504	0.064	0.098	6.92882963190356e-05	c1	SLC35C2
1.92761104812843e-09	0.15512087603759	0.167	0.231	7.05524919725486e-05	c1	UQCRC2
1.95731921627847e-09	0.169193311655367	0.08	0.119	7.16398406350083e-05	c1	WIPI2
1.97911588513535e-09	0.171911965299642	0.134	0.187	7.24376205118388e-05	c1	SLC25A39
2.0284164134334e-09	0.102894472493153	0.1	0.144	7.42420691480761e-05	c1	CMC2
2.1733654466897e-09	0.184883696902575	0.087	0.127	7.95473487142899e-05	c1	DNAJC4
2.29985154066292e-09	0.218372391920049	0.089	0.131	8.41768662398034e-05	c1	PCIF1
2.55848701009938e-09	0.167608736306845	0.082	0.12	9.36431830566475e-05	c1	NINJ1
2.59540080075506e-09	0.165449516354109	0.098	0.141	9.49942647084358e-05	c1	HTATIP2
2.70807330259728e-09	0.140097736131122	0.097	0.139	9.91181909483631e-05	c1	RAB4A
2.72368484498630e-09	0.101464396041204	0.165	0.226	9.96895890113434e-05	c1	LPXN
2.72547302688489e-09	0.150792261887413	0.087	0.127	9.97550382570138e-05	c1	MRPL24
2.73856352870233e-09	0.125333939280571	0.169	0.231	0.000100234163714034	c1	MEA1
2.74236959159513e-09	0.125437032094613	0.082	0.121	0.000100373469421973	c1	RPS6KB2
2.86811681986817e-09	0.123594315001086	0.196	0.266	0.000104975943723995	c1	MRPL57
2.95579493624556e-09	0.102210949249712	0.243	0.327	0.000108185050461524	c1	FBL
3.22646160157563e-09	0.12407023572177	0.144	0.199	0.00011809172107927	c1	UFD1
3.28068091092733e-09	0.128089634386651	0.127	0.178	0.000120076202020851	c1	MRPS15
3.43916287859402e-09	1.84231449722238	0.015	0.006	0.00012587680051942	c1	KIR3DL1
3.7498493359414e-09	1.24500576722023	0.054	0.035	0.000137248235544791	c1	LPCAT1
4.06082057008845e-09	0.150819492884222	0.109	0.155	0.000148630093685808	c1	WASHC3
4.31019018596531e-09	0.228490383750209	0.093	0.134	0.000157757270996516	c1	SNRPN
4.76176236457687e-09	0.104323850229768	0.132	0.183	0.000174285264305878	c1	PSMD2
4.76325205462142e-09	0.124425307867451	0.117	0.164	0.000174339788451198	c1	HSD17B10
4.8508660995418e-09	0.102026309984632	0.085	0.124	0.00017754655010933	c1	RAB18
4.85394114791173e-09	0.153121586323048	0.137	0.19	0.000177659099954717	c1	RSBN1
4.89564575162556e-09	0.119275585355823	0.076	0.112	0.000179185530155247	c1	CTDSP1
4.91768883103859e-09	0.173327096357808	0.087	0.127	0.000179992328904844	c1	PDHB
5.25117513208055e-09	0.106634125572908	0.13	0.18	0.00019219826100928	c1	DANCR
5.34573270919641e-09	0.179479229799288	0.061	0.093	0.000195659162889298	c1	CTDNEP1
5.36152626662798e-09	0.124126270779696	0.163	0.222	0.000196237222884851	c1	SNRPD1
5.62483527609584e-09	0.124567751467372	0.137	0.19	0.000205874595940384	c1	POLR2K
5.78971199109795e-09	1.34519822065818	0.03	0.017	0.000211909248586176	c1	ADGRG5
6.0024830701619e-09	0.108481141166988	0.056	0.087	0.000219696882850996	c1	FXN
6.06871940609976e-09	0.723298533856209	0.174	0.149	0.000222121198982657	c1	PYHIN1
6.2020579282965e-09	0.138688077463881	0.068	0.102	0.00022700152223358	c1	SNAPC5
6.53095481726545e-09	0.161480600509145	0.119	0.167	0.000239039477266733	c1	METTL23
6.58630746487565e-09	0.122628929775215	0.108	0.152	0.000241065439521914	c1	SCNM1
7.29124535103416e-09	0.968103003068465	0.035	0.02	0.000266866871093201	c1	CCL24
7.52524571610317e-09	0.138005956254619	0.178	0.241	0.000275431518455092	c1	RNF181
7.57854037658799e-09	0.122449346528663	0.195	0.264	0.000277382156323497	c1	SYTL1
8.36247162301599e-09	0.108697143869714	0.061	0.092	0.000306074823874008	c1	ACYP2
9.3150028148462e-09	0.1793299053267	0.092	0.133	0.000340938418026186	c1	RRP7A
9.73778344676436e-09	0.146236147776843	0.194	0.262	0.000356412611935022	c1	SNRPC
1.00685918140771e-08	1.21701302886677	0.07	0.05	0.000368520528987037	c1	CHI3L2
1.02690952048816e-08	0.120319135546399	0.224	0.301	0.00037585915359387	c1	TRAPPC5
1.03947856218863e-08	0.122302221142381	0.157	0.213	0.000380459548546662	c1	PSMD6
1.07084132963731e-08	0.110643196535104	0.073	0.108	0.000391938635060551	c1	LGALS9
1.16656505391718e-08	0.107580350173027	0.21	0.281	0.000426974475384228	c1	RHOF
1.24940170650703e-08	0.177671031679194	0.145	0.199	0.000457293518598637	c1	THOC7
1.25404457563293e-08	0.131114229168222	0.122	0.169	0.00045899285512741	c1	NDUFA10
1.27505162298297e-08	0.453194115111473	0.381	0.389	0.000466681644527998	c1	LBH
1.35799666513774e-08	0.122208164296542	0.188	0.253	0.000497040359407064	c1	NAPA
1.36757813483076e-08	0.772152292968052	0.077	0.056	0.000500547273129406	c1	PATL2
1.39090621593186e-08	0.171916911430605	0.136	0.187	0.000509085584093219	c1	EMC10
1.39714997483823e-08	0.233883220847477	0.119	0.166	0.000511370862290539	c1	YPEL3
1.49202119106126e-08	0.194130949845122	0.103	0.146	0.000546094676140331	c1	COMMD1
1.6600260521888e-08	1.6620984036042	0.022	0.011	0.000607586135361621	c1	RASGEF1A
1.66344389108057e-08	0.130579236440071	0.1	0.141	0.0006088370985744	c1	CCS
1.68569786970196e-08	0.188224391377795	0.138	0.19	0.000616982277289613	c1	COPZ1
1.70185037499067e-08	0.270435596804056	0.546	0.564	0.000622894255750335	c1	TLE5
1.71419413432061e-08	0.148686742709927	0.092	0.131	0.000627412195102687	c1	SMIM10L1
1.74105072715705e-08	0.145061132173866	0.06	0.091	0.000637241976646751	c1	ATG4B
1.7419289512186e-08	0.122660346553905	0.143	0.195	0.000637563415435518	c1	GSDMD
1.76192710765722e-08	0.164575809682216	0.126	0.174	0.00064488294067362	c1	HPS1
1.83394774355191e-08	0.100722622015607	0.094	0.133	0.000671243213617433	c1	COMMD2
1.87337126960074e-08	0.161633882599422	0.07	0.104	0.000685672618386568	c1	GTF2E2
1.88203866311598e-08	0.230620811036988	0.546	0.577	0.000688844971087081	c1	JAK1
1.89012091161603e-08	0.180492566325177	0.101	0.143	0.000691803154860582	c1	ANAPC15
1.97413444904763e-08	0.175582408525853	0.079	0.114	0.000722552949695921	c1	MED30
2.01982724074193e-08	0.103921779562616	0.068	0.1	0.000739276968383953	c1	DKC1
2.02103334438243e-08	0.159091825509876	0.173	0.234	0.000739718414377413	c1	MAGOH
2.03833814615824e-08	0.11291507697859	0.2	0.268	0.000746052144875376	c1	POLR2E
2.14380047906774e-08	0.113758625153689	0.276	0.368	0.000784652413343584	c1	LSM7
2.19766850221685e-08	0.103275763024694	0.051	0.079	0.00080436864849639	c1	THAP11
2.24987113212123e-08	0.112736750543559	0.222	0.296	0.000823475333067692	c1	POLR3GL
2.25502704834733e-08	0.167048280300111	0.172	0.233	0.000825362449965606	c1	NAA38
2.26022369120585e-08	0.171171509996633	0.699	0.734	0.000827264473218253	c1	CD3D
2.34272081587207e-08	0.186026478613276	0.129	0.177	0.000857459245817337	c1	INO80E
2.37746761149612e-08	0.155102353654256	0.156	0.212	0.000870176920483695	c1	SEC13
2.47176618507764e-08	0.152621784088195	0.056	0.085	0.000904691141400267	c1	UPF3B
2.55064022153491e-08	0.680159509708309	0.179	0.156	0.000933559827483991	c1	SH2D1A
2.70005360960097e-08	1.03509494319758	0.068	0.049	0.00098824662165005	c1	FUT11
2.93795307704216e-08	0.241343556569249	0.132	0.182	0.0010753202057282	c1	SPAG7
3.01283796313293e-08	1.17538205926946	0.039	0.024	0.00110272882288628	c1	CD244
3.06148664614477e-08	0.111769482483428	0.134	0.183	0.00112053472735545	c1	CNPPD1
3.1335449132253e-08	0.194863351843816	0.625	0.667	0.00114690877368959	c1	CHCHD2
3.14039656965276e-08	0.169100959396357	0.124	0.171	0.00114941654845861	c1	RILPL2
3.49652773286474e-08	0.168759109307886	0.091	0.129	0.00127976411550582	c1	BCL7B
3.59200672035191e-08	0.167425585645345	0.156	0.212	0.001314710379716	c1	FBXW5
3.84085579356602e-08	0.134891946518676	0.058	0.088	0.0014057916290031	c1	HDAC3
3.92108867230183e-08	0.226684691544241	0.021	0.04	0.00143515766494919	c1	GLI4
3.98052623657966e-08	0.134347623602995	0.11	0.153	0.00145691240785052	c1	MAN1A2
4.09400110990532e-08	0.187961694978108	0.185	0.249	0.00149844534623645	c1	CLPP
4.10749551752994e-08	0.160697108535274	0.189	0.255	0.00150338443437113	c1	GTF2A2
4.12323699159246e-08	0.130000274628326	0.101	0.141	0.00150914597129276	c1	SLU7
4.21510716071094e-08	0.109052454662173	0.055	0.083	0.00154277137189181	c1	GSS
4.28127809975508e-08	0.275698870881975	0.049	0.076	0.00156699059729136	c1	RPS10
4.40590086521947e-08	0.115981236774919	0.142	0.193	0.00161260377567898	c1	IRF3
4.4556661395347e-08	0.172124044777633	0.202	0.271	0.00163081836373109	c1	VSIR
4.5552626772612e-08	0.143267165525867	0.104	0.144	0.00166727169250437	c1	AHSA1
4.56287486629471e-08	0.124817378437807	0.071	0.103	0.00167005782981253	c1	CEBPZOS
4.57032152457816e-08	0.210446366604202	0.076	0.11	0.00167278338121085	c1	DRG1
4.88438571957028e-08	0.172235377676241	0.085	0.121	0.00178773401721992	c1	ZNF511
5.10712190729556e-08	1.45178165879264	0.035	0.022	0.00186925768928925	c1	TRGC2
5.41937085338322e-08	0.135992828451096	0.104	0.144	0.00198354392604679	c1	BLOC1S2
5.44909007096179e-08	0.105617455404319	0.032	0.054	0.00199442145687272	c1	ATPAF1
5.49024744779032e-08	0.123030233179397	0.129	0.176	0.00200948546836573	c1	ILK
5.57559198487772e-08	0.133191316310776	0.058	0.087	0.0020407224223851	c1	NDUFAF4
5.65801250792666e-08	0.121220335750897	0.096	0.134	0.00207088915802624	c1	JOSD2
5.72498564677173e-08	0.115364646553723	0.076	0.109	0.00209540199657492	c1	EIF1AY
5.87048996456098e-08	0.130640335370182	0.069	0.1	0.00214865803192896	c1	PLPBP
5.95487336176859e-08	0.133820515313428	0.223	0.297	0.00217954319914092	c1	AURKAIP1
6.00380653481956e-08	0.175835023214677	0.113	0.155	0.00219745322980931	c1	STOML2
6.19431175952333e-08	0.187614131415719	0.084	0.119	0.00226718004710313	c1	ISY1
6.65539466614299e-08	0.164131828151047	0.143	0.194	0.002435941001755	c1	PPHLN1
6.81658967692748e-08	0.108126957593894	0.063	0.093	0.00249493998765223	c1	CWC27
6.86676776225494e-08	0.254069370407354	0.108	0.151	0.00251330566866293	c1	WBP1
7.18077189374633e-08	0.215330827095674	0.604	0.645	0.00262823432083009	c1	SNRPD2
7.28622104286577e-08	0.263302898809152	0.5	0.532	0.0026668297638993	c1	SEPTIN7
7.32726433363349e-08	0.108449000007309	0.157	0.211	0.00268185201875319	c1	C18orf32
7.39150026392454e-08	0.253271460646207	0.123	0.169	0.00270536301159902	c1	MRPL14
7.7363045900928e-08	0.222308316630896	0.095	0.133	0.00283156484301987	c1	CUEDC2
7.86752862794483e-08	0.105705058504426	0.059	0.088	0.00287959415311409	c1	RUVBL2
7.87884797231018e-08	0.501476634590201	0.229	0.208	0.00288373714634525	c1	SYNE1
8.05703851615811e-08	0.205040412937435	0.144	0.196	0.00294895666729903	c1	TXN2
8.17913261789932e-08	0.126833349705132	0.09	0.127	0.00299364432947733	c1	TIMM8B
8.5620078727962e-08	0.116377444469963	0.064	0.094	0.00313378050152214	c1	EMG1
8.8176400427255e-08	0.138380379210828	0.037	0.06	0.00322734443203796	c1	ARFIP2
9.42820123090897e-08	0.165877851381158	0.153	0.205	0.00345081593252499	c1	RER1
9.79047256876752e-08	0.145122890105538	0.19	0.253	0.0035834108648946	c1	RBM17
9.94331558455848e-08	0.108618444060675	0.154	0.205	0.00363935293710425	c1	NBEAL1
1.03555856844168e-07	0.230516448483094	0.05	0.076	0.00379024791635338	c1	MPI
1.04865480297553e-07	0.135335398579582	0.062	0.092	0.00383818144437075	c1	ZSWIM7
1.09642546800356e-07	0.175537885733331	0.155	0.209	0.00401302685543983	c1	NDUFA7
1.13509322642384e-07	0.232019042791298	0.142	0.193	0.00415455471803391	c1	RPA2
1.19975667457269e-07	0.112683263931359	0.063	0.092	0.00439122940460351	c1	FTSJ1
1.25511013656809e-07	0.119381271566615	0.179	0.237	0.00459382861085285	c1	SELENOT
1.28330150045572e-07	0.110219513530398	0.051	0.077	0.00469701182181798	c1	NKAPD1
1.30262527471466e-07	0.234685234214008	0.545	0.57	0.00476773876798314	c1	UCP2
1.34318787280682e-07	0.124181881265481	0.159	0.212	0.00491620193326024	c1	PNRC2
1.41887338373589e-07	0.118657483485459	0.828	0.829	0.00519321847181174	c1	COX4I1
1.42305084651713e-07	0.195572598602716	0.125	0.17	0.00520850840333735	c1	BAG1
1.46852763726964e-07	0.187372088847867	0.061	0.09	0.00537495800517061	c1	PRPSAP1
1.47565011740872e-07	0.186337758597332	0.096	0.133	0.00540102699472764	c1	C15orf61
1.56256288532285e-07	0.178302022921773	0.101	0.14	0.00571913641657015	c1	APPL1
1.58985347343267e-07	0.2040255183955	0.143	0.193	0.0058190226981109	c1	CLTB
1.59155595962252e-07	0.105776048808854	0.035	0.057	0.00582525396781439	c1	MUTYH
1.6055798190601e-07	0.257491307553283	0.096	0.134	0.00587658269574185	c1	CAPNS1
1.63703336797878e-07	0.17069344224862	0.134	0.181	0.00599170583013915	c1	NDUFS3
1.64363235879141e-07	0.20092819725353	0.076	0.109	0.00601585879641243	c1	RFXANK
1.64677838840986e-07	0.261517220412881	0.053	0.079	0.00602737357941895	c1	LTBP4
1.7218166191561e-07	0.146775310392725	0.152	0.203	0.00630202100777323	c1	PSMC3
1.74009407005054e-07	0.128499256232249	0.056	0.084	0.006368918305792	c1	WHAMM
1.7807290887897e-07	0.1232689809869	0.829	0.836	0.00651764653787918	c1	CORO1A
1.85723340634927e-07	3.21345974457851	0.003	0.001	0.00679765999057895	c1	HBQ1
2.05749106036974e-07	0.175820699783231	0.141	0.189	0.00753062303005928	c1	ARF6
2.06759682491119e-07	0.186035109551763	0.082	0.116	0.00756761113885744	c1	UTP23
2.09118151880978e-07	0.184908197570911	0.057	0.084	0.00765393347699568	c1	RPF1
2.09529244976889e-07	0.261438546856542	0.077	0.11	0.0076689798953991	c1	ZNF32
2.1171901418569e-07	0.113032005290077	0.104	0.143	0.00774912763821045	c1	KRR1
2.24869905190932e-07	0.189898572075027	0.053	0.08	0.00823046339989329	c1	STK16
2.30492517505118e-07	0.14190412684629	0.187	0.248	0.00843625663320481	c1	RAB11B
2.3259512976918e-07	0.649997866717461	0.187	0.167	0.00851321434468175	c1	CHST12
2.32697554906896e-07	0.150446898460181	0.071	0.102	0.00851696320714729	c1	RING1
2.32988162343168e-07	0.135781553973949	0.061	0.089	0.00852759972992229	c1	NTMT1
2.36458416365635e-07	0.128584660416693	0.228	0.3	0.0086546144973986	c1	ZC3H15
2.43432203613148e-07	0.192106091875215	0.085	0.119	0.00890986208444484	c1	CARHSP1
2.92429399868663e-07	0.101736504541174	0.067	0.096	0.0107032084645929	c1	GRPEL1
2.96665787918015e-07	0.206323791684174	0.231	0.307	0.0108582645035873	c1	ABHD14B
3.01038438978878e-07	0.171893389260719	0.098	0.135	0.0110183079050659	c1	TSTA3
3.05887301403807e-07	0.217457558579309	0.082	0.115	0.0111957811186807	c1	TMEM141
3.12531817966135e-07	0.193249412872418	0.111	0.152	0.0114389770693785	c1	FAM32A
3.15784976264894e-07	0.201253672846224	0.108	0.148	0.0115580459162714	c1	CCDC25
3.17596232964671e-07	0.190881938851684	0.067	0.097	0.0116243397227399	c1	TAF11
3.27418321106757e-07	0.115345204431309	0.227	0.298	0.0119838379708284	c1	RNF7
3.29341943990057e-07	0.11064608477387	0.047	0.072	0.0120542444919801	c1	ISOC2
3.32333897508138e-07	0.12259452209497	0.147	0.196	0.0121637529826954	c1	PHPT1
3.38900233280516e-07	0.128816605015174	0.078	0.11	0.0124040874383002	c1	SDF2
3.3953824856432e-07	0.223102977833803	0.109	0.149	0.0124274394357027	c1	PRPF31
3.47019780356973e-07	0.111910359013091	0.141	0.187	0.0127012709808456	c1	TOP1
3.53902706316808e-07	0.133665056849017	0.039	0.061	0.0129531929539015	c1	SDHAF1
3.5511081753615e-07	0.127371530104087	0.063	0.091	0.0129974110326406	c1	IFT20
3.57817757284383e-07	0.130628489717965	0.047	0.071	0.0130964877343657	c1	SNHG17
3.60356102548839e-07	0.236995134006531	0.027	0.046	0.0131893937093901	c1	SLC39A4
3.63456325614292e-07	0.170185341072859	0.198	0.261	0.0133028649738087	c1	RPS19BP1
3.65751533306212e-07	0.124533840465007	0.084	0.117	0.0133868718705406	c1	FOS
3.70040458585432e-07	0.10795495335516	0.928	0.893	0.0135438508246854	c1	RPL35
4.01538422061932e-07	0.202168887601574	0.146	0.195	0.0146967077858888	c1	CAMLG
4.08751595473126e-07	0.236600329146358	0.173	0.231	0.0149607171459119	c1	SF3B4
4.24484628701077e-07	0.171401362529356	0.044	0.067	0.0155365618950881	c1	PSMG3
4.28358239238527e-07	0.155556625288785	0.059	0.086	0.0156783399143693	c1	ERCC1
4.32213616484731e-07	0.142466289403662	0.094	0.13	0.0158194505769576	c1	XAF1
4.33475431142043e-07	0.289135758179094	0.159	0.214	0.0158656342552299	c1	FAAP20
4.35561676647976e-07	0.107744327674893	0.062	0.09	0.0159419929269926	c1	CUTC
4.48158268190464e-07	0.166994715639468	0.092	0.127	0.0164030407740392	c1	SMIM12
4.51634602158852e-07	0.156563602629682	0.045	0.069	0.0165302780736162	c1	VRK1
4.71203790716953e-07	0.21174217775869	0.081	0.113	0.0172465299440312	c1	TP53TG1
4.72906508533207e-07	0.160355484310265	0.162	0.215	0.0173088511188239	c1	SRP19
4.91511888176955e-07	1.40786733172413	0.021	0.011	0.0179898266191647	c1	FAM49A
4.91900766293441e-07	0.144040940500047	0.166	0.22	0.0180040599471062	c1	DBNL
4.98448561563408e-07	0.145463373667222	0.086	0.119	0.0182437158017823	c1	STX4
5.11905189019381e-07	0.165804936287602	0.198	0.261	0.0187362418232983	c1	MRPL20
5.28139322979302e-07	0.429880778943353	0.413	0.441	0.0193304273603654	c1	PSMB10
5.3843475542386e-07	0.160895054647906	0.672	0.709	0.0197072504832687	c1	ARPC3
5.47830854744784e-07	1.9703965642863	0.007	0.003	0.0200511571145138	c1	CERCAM
5.49631234587619e-07	0.15050876614293	0.045	0.069	0.0201170528171415	c1	CFAP410
5.89712573027186e-07	0.119503729084713	0.046	0.069	0.0215840698853681	c1	GSTM1
5.9681471248177e-07	0.210874823651146	0.195	0.258	0.0218440152915452	c1	COX14
6.12314713688523e-07	0.157152182935255	0.237	0.311	0.0224113308357136	c1	HMOX2
6.16881069061382e-07	0.108132820280516	0.264	0.346	0.0225784640087156	c1	SEC61G
6.22432789221744e-07	0.158067343416227	0.071	0.1	0.0227816625183051	c1	ZNF622
6.2398896479364e-07	0.195822500360328	0.108	0.147	0.022838620100412	c1	RASA3
6.88367859517083e-07	0.147505423326844	0.041	0.063	0.0251949520261848	c1	DAZAP1
7.07768011168567e-07	0.144158362603622	0.042	0.064	0.0259050169767807	c1	RBM7
7.59652801891013e-07	0.143947618976454	0.054	0.079	0.027804052202013	c1	MCUR1
7.64730677223218e-07	0.101301472093998	0.038	0.059	0.027989907517047	c1	YJU2
7.765652950322e-07	0.210529100839389	0.043	0.065	0.0284230663634736	c1	DTNBP1
8.15484069629512e-07	0.152378146683714	0.256	0.336	0.0298475324325098	c1	SSBP1
8.16450357531582e-07	0.169442763729153	0.231	0.303	0.0298828995360134	c1	PSMD4
8.35013349886304e-07	1.78322901301735	0.013	0.006	0.0305623236191886	c1	NMUR1
8.40629323652297e-07	0.133522466535228	0.041	0.063	0.0307678738749977	c1	MPDU1
8.40818445450959e-07	1.10614862236287	0.018	0.01	0.0307747959219505	c1	AF165147.1
8.77717973032398e-07	0.198151116702869	0.075	0.105	0.0321253555309588	c1	BID
9.08721307450069e-07	0.142020752771688	0.114	0.152	0.03326010857398	c1	ORMDL3
9.10140664797799e-07	0.133513067294679	0.023	0.039	0.0333120584722643	c1	AC012146.1
9.13981685819632e-07	0.200940350316195	0.094	0.128	0.0334526436826844	c1	SLC44A2
9.24256763398951e-07	0.134804164861116	0.238	0.311	0.033828721797165	c1	ANP32A
9.24289448354858e-07	0.137236999119124	0.029	0.048	0.0338299180992362	c1	UQCRHL
9.65403769262251e-07	0.117753387051403	0.047	0.07	0.0353347433587676	c1	YAF2
9.81277707132543e-07	0.138662438071058	0.751	0.777	0.0359157453587582	c1	RAC2
9.86793773553903e-07	0.273930329279931	0.185	0.245	0.0361176389058464	c1	ICAM2
9.92559194625405e-07	0.146110073253358	0.072	0.102	0.0363286590824845	c1	TIMMDC1
1.02536077622441e-06	0.177255000583977	0.106	0.143	0.0375292297705896	c1	ATG12
1.04805171415443e-06	0.164252016839611	0.144	0.19	0.0383597407897663	c1	UPF3A
1.05206353802454e-06	0.24010010093487	0.107	0.145	0.0385065775552364	c1	POP5
1.06024176820738e-06	0.193581535553162	0.624	0.656	0.0388059089581583	c1	GPSM3
1.06248702618318e-06	0.221036482235578	0.094	0.128	0.0388880876453307	c1	MRPL55
1.07014423384786e-06	0.11237185613817	0.246	0.321	0.0391683491030656	c1	OTUB1
1.07093222995768e-06	0.188399740430938	0.148	0.196	0.0391971905486809	c1	TMEM109
1.07276311204193e-06	1.10685594509984	0.044	0.03	0.0392642026638466	c1	PRR5L
1.07907576342673e-06	0.169563561127002	0.051	0.075	0.0394952520171816	c1	UBE2R2
1.11423275980138e-06	0.284440407120879	0.111	0.15	0.0407820332414902	c1	CHCHD5
1.12130710127357e-06	0.182948621881175	0.12	0.161	0.0410409612137141	c1	PITHD1
1.1218927076465e-06	0.329007410233792	0.08	0.111	0.0410623949925696	c1	BLOC1S4
1.13954219654996e-06	0.210060633627435	0.083	0.115	0.0417083839359252	c1	PPIE
1.21951953864619e-06	0.75119459262426	0.182	0.165	0.0446356346339892	c1	C5orf56
1.26689598713227e-06	0.155368478541023	0.06	0.086	0.0463696600250282	c1	ZPR1
1.30392320034779e-06	0.175298164830968	0.159	0.209	0.0477248930559293	c1	PSMA4
1.3362113410786e-06	0.570576027348566	0.143	0.122	0.0489066712948179	c1	TIGIT
