p_val	avg_log2FC	pct.1	pct.2	p_val_adj	cluster	gene
0	1.39031482543033	0.798	0.36	0	c10	GZMK
2.48267619493587e-162	1.23236486183876	0.572	0.273	9.08684314108479e-158	c10	DUSP2
1.96991282345633e-149	0.94149505972234	0.814	0.577	7.2100779251325e-145	c10	IL7R
1.33707903119004e-120	3.20397194958052	0.075	0.009	4.89384296205867e-116	c10	SLC4A10
1.91285109809289e-108	1.59710693320914	0.267	0.097	7.00122630412978e-104	c10	NCR3
7.81154364038427e-107	1.55832946936439	0.405	0.201	2.85910308781705e-102	c10	DUSP1
4.08361241483497e-106	3.41384079764461	0.062	0.007	1.49464297995375e-101	c10	LINC01644
2.89383114025463e-102	0.780635016912408	0.838	0.702	1.0591711356446e-97	c10	ZFP36L2
5.64081234803848e-97	0.415496976475032	0.995	0.968	2.06459372750557e-92	c10	RPS27
8.19561686106107e-91	0.337769386218664	0.995	0.963	2.99967772731696e-86	c10	RPL34
8.24620943454113e-90	0.350111119894025	0.99	0.951	3.0181951151364e-85	c10	RPS28
4.36407400612e-77	0.280982087764821	0.996	0.971	1.59729472697998e-72	c10	RPL30
2.10535541928395e-75	0.421935893978534	0.953	0.911	7.70581137012118e-71	c10	MT-ND4L
3.53541413027345e-75	0.718811886298979	0.733	0.535	1.29399692582138e-70	c10	JUNB
1.27199755171387e-74	0.300781120608374	0.992	0.957	4.65563823902795e-70	c10	RPL39
1.61419838538205e-74	4.07666598463537	0.033	0.003	5.90812751033683e-70	c10	RASIP1
1.99239155847042e-74	1.4815667849106	0.279	0.129	7.29235234315759e-70	c10	LINC01138
2.12133110509485e-74	1.19742902810949	0.273	0.121	7.76428397775768e-70	c10	TRBV20-1
3.09413270170935e-74	0.827376792797164	0.626	0.441	1.13248351015264e-69	c10	CXCR4
4.25550122898342e-70	0.42839773592967	0.971	0.916	1.55755600482022e-65	c10	RPS21
9.51624541591216e-68	0.298291961875564	0.991	0.945	3.48304098467801e-63	c10	RPL6
1.56508289414004e-66	0.681773986867523	0.886	0.794	5.72835990084196e-62	c10	RPS29
1.46480493856347e-65	0.246417901129215	0.998	0.993	5.36133255563614e-61	c10	EEF1A1
5.42719837815018e-65	1.73860505317871	0.235	0.105	1.98640887838675e-60	c10	FOS
4.31503618300969e-63	0.298315921766859	0.99	0.945	1.57934639334338e-58	c10	RPL3
2.8453412601883e-62	0.246645222509209	0.996	0.971	1.04142335464152e-57	c10	RPS27A
4.72380908935859e-62	0.306307864640416	0.982	0.934	1.72896136479614e-57	c10	RPL37
1.22910912826044e-59	0.25013381776873	0.996	0.966	4.49866232034602e-55	c10	RPS3
3.48420112870757e-58	0.608360139126048	0.719	0.577	1.27525245511826e-53	c10	TSC22D3
3.84448055836913e-58	0.377882346306913	0.94	0.902	1.40711832916869e-53	c10	MT-ND3
1.17858252439446e-57	0.252135957232715	0.993	0.967	4.31372989753618e-53	c10	RPS14
2.10416193720732e-57	0.42128785351284	0.907	0.851	7.70144310637251e-53	c10	MT-ND5
4.23374193266694e-57	0.283620434124728	0.988	0.939	1.54959188477543e-52	c10	RPS25
8.40158823524608e-57	0.725335736100514	0.752	0.645	3.07506530998242e-52	c10	MT-ATP8
3.69141223637725e-55	0.203959226060026	0.998	0.992	1.35109379263644e-50	c10	MT-CYB
1.58235340077092e-52	0.875169857403479	0.393	0.241	5.79157168216164e-48	c10	PTPRCAP
1.97607066009647e-52	0.758424302966333	0.502	0.339	7.23261622301908e-48	c10	CD69
3.07308367114769e-52	0.290043858322338	0.983	0.94	1.12477935447677e-47	c10	RPLP0
1.51996013684126e-51	0.753424544261033	0.199	0.087	5.56320609685268e-47	c10	TRAV13-1
2.3173409942597e-50	0.233222667321835	0.995	0.96	8.48169977308992e-46	c10	RPS23
2.71549637131166e-50	0.280664480067268	0.993	0.968	9.9389882686378e-46	c10	RPS19
2.71961731179805e-50	0.230621175836251	0.995	0.967	9.95407132291206e-46	c10	RPL19
2.18791703610733e-49	0.279552485503944	0.978	0.911	8.00799514385643e-45	c10	RPL23A
7.19802064970221e-49	0.242420661617435	0.987	0.943	2.63454753799751e-44	c10	RPS13
1.34419729024561e-48	0.885184049170905	0.393	0.247	4.91989650202797e-44	c10	TNFAIP3
2.56256567729327e-48	0.235640339220168	0.99	0.947	9.37924663546111e-44	c10	RPL35A
4.47328605883403e-48	2.13298507631027	0.058	0.013	1.63726743039384e-43	c10	TSPAN15
1.37564091434201e-47	1.12420319984694	0.211	0.099	5.0349833105832e-43	c10	LINC01871
1.51262498811905e-47	0.281927799795603	0.971	0.913	5.53635871901454e-43	c10	RPL36
4.95092436208109e-47	0.789430939409959	0.474	0.323	1.8120878257653e-42	c10	DNAJB1
8.28157737729104e-47	0.221006449455176	0.996	0.966	3.03114013586229e-42	c10	RPL32
3.02735644780585e-46	0.305630668526353	0.946	0.871	1.10804273346142e-41	c10	RPL36A
9.45407167680156e-45	0.244990836761785	0.967	0.926	3.46028477442614e-40	c10	MT-ND1
5.07231075804682e-44	0.20771860443374	0.999	0.979	1.85651646055272e-39	c10	RPL13
5.73805456977071e-44	0.268895364374111	0.981	0.92	2.10018535308178e-39	c10	RPL17
1.88488125019501e-42	0.250836484721185	0.984	0.931	6.89885386383876e-38	c10	RPSA
4.03382161221432e-42	0.2463356621178	0.984	0.928	1.47641904828656e-37	c10	RPL5
7.29681322329879e-42	0.914683621254963	0.242	0.127	2.67070660785959e-37	c10	ERN1
4.85705522529018e-41	0.207742776105666	0.998	0.98	1.77773078300846e-36	c10	RPS12
2.36561186134535e-40	1.31095727523381	0.14	0.059	8.65837597371012e-36	c10	MYBL1
2.50288983987242e-40	0.292911639757236	0.897	0.847	9.16082710291706e-36	c10	MT-ND2
6.75927313308406e-40	0.349787387914099	0.869	0.776	2.4739615594401e-35	c10	BTG1
2.06454103971666e-39	0.251029959745633	0.97	0.9	7.55642665946695e-35	c10	RPL9
6.9019974134055e-39	2.22934777647041	0.038	0.007	2.52620007328055e-34	c10	TLE1
7.6521185726996e-38	0.142649474809791	0.999	0.993	2.80075191879378e-33	c10	MT-CO3
2.13281214455321e-37	3.29421134165101	0.02	0.002	7.8063057302792e-33	c10	SPTSSB
2.1365508354018e-37	0.912035240386321	0.16	0.073	7.81998971265414e-33	c10	PDE4D
6.06518291416666e-37	0.205605878835074	0.993	0.957	2.21991759841414e-32	c10	RPL8
4.65998490346439e-36	1.28930938218211	0.074	0.023	1.705601074517e-31	c10	ABCB1
1.11316136429062e-35	0.179999282418999	0.999	0.986	4.07428190944011e-31	c10	RPL10
2.52673243947995e-35	0.199827917512053	0.992	0.955	9.24809340174058e-31	c10	RPS7
5.52590737950024e-35	1.48123845456614	0.107	0.042	2.02253735997088e-30	c10	SNHG25
3.48847178346659e-34	0.186696612553007	0.996	0.971	1.27681555746661e-29	c10	RPL11
3.70906635241677e-34	0.183557954485402	0.996	0.962	1.35755537564806e-29	c10	RPS3A
1.0528188929788e-33	0.74167020584899	0.191	0.097	3.85342243019171e-29	c10	PLCG2
1.91440237195604e-32	0.942244584030415	0.131	0.059	7.0069041215963e-28	c10	CCR6
4.15879569702351e-32	1.41412790833523	0.103	0.041	1.52216081306757e-27	c10	RPS10-NUDT3
4.35407968546171e-32	0.692302260550948	0.371	0.251	1.59363670567584e-27	c10	KLF2
4.81131935891009e-32	0.690661017572071	0.338	0.217	1.76099099855468e-27	c10	LYAR
5.12752841185759e-32	0.400943937999465	0.406	0.265	1.87672667402399e-27	c10	KLRG1
5.67256671487078e-32	1.55168682619538	0.052	0.014	2.07621614330985e-27	c10	CYTH3
4.42568833384436e-31	1.50409250102842	0.192	0.102	1.61984618707037e-26	c10	AL627171.2
1.4217971391959e-30	2.3102617231228	0.058	0.018	5.20391970917093e-26	c10	AC103591.3
4.56079113183835e-30	0.287807019056525	0.95	0.903	1.66929516216415e-25	c10	TXNIP
5.35806366520468e-30	0.240265042655776	0.93	0.851	1.96110488210156e-25	c10	RPL22
8.35179497782081e-30	0.182913457330803	0.993	0.96	3.0568404798322e-25	c10	RPL7A
1.03707508975267e-29	2.64273489247461	0.026	0.004	3.79579853600373e-25	c10	LTK
1.92685650961772e-29	0.219454293408138	0.963	0.907	7.05248751085181e-25	c10	RPL21
2.46652697211584e-29	0.178441335310339	0.994	0.963	9.02773537064117e-25	c10	RPS15
3.66967171841774e-29	0.187786591533517	0.986	0.94	1.34313654565808e-24	c10	RPS6
3.92119031413444e-29	0.619995497956688	0.453	0.335	1.43519486687635e-24	c10	ZFP36
3.9508649563032e-29	0.246535079583886	0.938	0.841	1.44605608265653e-24	c10	EEF1B2
4.77356877843669e-29	0.226494006886143	0.961	0.895	1.74717390859561e-24	c10	RPL35
1.09762250493814e-28	0.182300524916397	0.991	0.959	4.0174081303241e-24	c10	RPL14
1.26722900474056e-28	0.182095667763988	0.996	0.956	4.63818488025093e-24	c10	RPS4X
1.01225746486112e-27	0.175733279398837	0.992	0.958	3.70496354713818e-23	c10	RPL18
1.42487059088622e-27	0.180534346910024	0.991	0.961	5.21516884970264e-23	c10	RPS18
2.37594307353179e-27	0.182719767500643	0.985	0.944	8.69618924343372e-23	c10	RPLP2
2.74976461294841e-25	0.162874587719649	0.996	0.973	1.00644134598525e-20	c10	RPS15A
4.78325609363496e-25	0.1653356005038	0.992	0.961	1.75071956283133e-20	c10	RPL18A
5.23311442104724e-25	0.876597615376634	0.138	0.07	1.9153722092475e-20	c10	MAP3K8
7.30307242365137e-25	0.167534949425914	0.991	0.95	2.67299753778064e-20	c10	RPL29
1.01901029040655e-24	0.425281925648377	0.477	0.358	3.72967956391703e-20	c10	ARL4C
3.27924722917522e-24	0.435867369613359	0.495	0.373	1.20023727835042e-19	c10	MT2A
4.65321040879439e-24	2.46899850437494	0.019	0.003	1.70312154172284e-19	c10	AC108925.1
1.02984527561928e-23	1.2095962326753	0.064	0.023	3.76933669329412e-19	c10	IGLV2-14
2.25789229791992e-23	0.732877102634726	0.221	0.136	8.26411159961672e-19	c10	PTGER2
2.92657315148701e-23	0.24040728639226	0.849	0.771	1.07115503917576e-18	c10	RPL38
4.76691973354337e-23	0.191963733498168	0.968	0.902	1.74474029167421e-18	c10	RPL10A
4.98479744382807e-23	3.33884166642668	0.015	0.002	1.82448571241551e-18	c10	TPBG
8.35656656504056e-23	0.582556136478793	0.443	0.341	3.0585869284705e-18	c10	MT-ND6
9.1717742018466e-23	0.260569820566299	0.84	0.72	3.35696107561788e-18	c10	TOMM7
1.07700688040022e-22	0.791295513761046	0.181	0.105	3.94195288295283e-18	c10	TENT5C
1.99091774251803e-22	1.56678693315433	0.047	0.015	7.28695802939026e-18	c10	IGFBP4
3.4060710933614e-22	0.643837109678773	0.225	0.14	1.24665608088121e-17	c10	GPR65
5.15624568457354e-22	0.93439990201862	0.096	0.044	1.88723748301076e-17	c10	SESN1
1.67382558105443e-21	0.209634792325437	0.931	0.874	6.12636900921734e-17	c10	RPL37A
1.07492133180341e-20	3.29510833493665	0.011	0.001	3.93431956653364e-16	c10	KIAA1217
2.2146393591646e-20	1.06994577595319	0.072	0.03	8.10580151847836e-16	c10	MPZL3
6.0994743415524e-20	0.258905072607813	0.812	0.723	2.23246860375159e-15	c10	HNRNPA1
6.45750464516316e-20	0.157035112897201	0.981	0.924	2.36351127517617e-15	c10	RPS5
3.3475591311224e-19	0.442386175105323	0.468	0.371	1.22524011758211e-14	c10	NFKBIA
5.77067443133686e-19	0.783054109398701	0.194	0.123	2.1121245486136e-14	c10	TOB1
7.56511088911584e-19	0.186744016584244	0.799	0.676	2.76890623652529e-14	c10	HCST
1.4281590326286e-18	0.136905170952758	0.991	0.955	5.22720487532394e-14	c10	RPL12
1.62163416447253e-18	0.143589169721515	0.985	0.955	5.9353432053859e-14	c10	RPL26
3.01611809161672e-18	0.225921404880779	0.879	0.791	1.10392938271263e-13	c10	RPL31
3.2689864174315e-18	0.162807374737966	0.971	0.916	1.1964817186441e-13	c10	RPL15
3.57610933642491e-18	0.463262811514964	0.381	0.289	1.30889177822488e-13	c10	ATP5ME
5.31236550133041e-18	0.157251427334224	0.84	0.682	1.94437889714194e-13	c10	LTB
6.76193327630416e-18	0.164471936424984	0.967	0.902	2.47493519846008e-13	c10	RPS9
1.61488598987565e-17	0.15775511610593	0.959	0.898	5.91064421154388e-13	c10	RPL24
1.89835625112741e-17	1.37812818832287	0.046	0.017	6.94817371475142e-13	c10	CEBPD
4.09335393587837e-17	0.608943291940635	0.174	0.108	1.49820847407084e-12	c10	MATR3.1
4.53270090721372e-17	0.929639709526747	0.069	0.031	1.65901385904929e-12	c10	FOSL2
6.32444144388989e-17	0.124926977195679	0.986	0.955	2.31480881287814e-12	c10	RPS24
7.3212682679728e-17	0.774794881780703	0.112	0.061	2.67965739876073e-12	c10	SNRPD3
8.42788625758595e-17	1.49678615937513	0.022	0.006	3.08469064913903e-12	c10	IL23R
8.51241548472263e-17	0.211922164753543	0.576	0.448	3.11562919156333e-12	c10	GZMM
1.20300939234233e-16	0.247199178761154	0.754	0.672	4.40313467691214e-12	c10	TMA7
1.8378300652229e-16	1.68711942443358	0.046	0.018	6.72664182172233e-12	c10	IFNG-AS1
2.27078041414505e-16	0.416643081112516	0.387	0.299	8.31128339381229e-12	c10	PIK3R1
2.47266988467715e-16	2.12186111117197	0.022	0.006	9.05021904490682e-12	c10	B3GNT8
2.54471250864369e-16	0.519522376599757	0.352	0.269	9.31390225288675e-12	c10	DDIT4
3.82740181647978e-16	0.99417275021459	0.084	0.042	1.40086733884976e-11	c10	LINC02084
4.80206296732648e-16	1.17362831068006	0.062	0.027	1.75760306667116e-11	c10	PER1
4.89201013794785e-16	0.260213688473828	0.74	0.622	1.79052463059029e-11	c10	PNRC1
5.65437650103493e-16	0.203151011029857	0.895	0.811	2.06955834314379e-11	c10	RPL36AL
9.11303412517702e-16	0.709237461971781	0.169	0.108	3.33546162015604e-11	c10	ATF7IP2
9.29123924501439e-16	0.16692193956351	0.908	0.801	3.40068647606772e-11	c10	EEF1G
1.02089517718962e-15	0.408333075328032	0.342	0.257	3.73657843803173e-11	c10	PDCD4
1.02111703076279e-15	0.274508743502721	0.625	0.521	3.73739044429489e-11	c10	CNN2
2.97657857168915e-15	0.467954373441079	0.323	0.244	1.08945752302394e-10	c10	MGAT4A
1.33124270442127e-14	0.432961392597582	0.295	0.219	4.87248142245227e-10	c10	FYN
1.96893543470688e-14	0.803577498116003	0.145	0.091	7.20650058457066e-10	c10	SATB1
4.2768380777098e-14	0.285501468041741	0.63	0.539	1.56536550482256e-09	c10	HNRNPDL
8.70813609637311e-14	0.117226890042017	0.996	0.978	3.18726489263352e-09	c10	RPL28
1.59955190327667e-13	1.5405177759523	0.022	0.006	5.85451992118295e-09	c10	COLQ
1.83996922789683e-13	2.1236068208949	0.013	0.003	6.7344713710252e-09	c10	COL5A3
2.76012457299157e-13	0.156708778907086	0.896	0.823	1.01023319496064e-08	c10	RPL4
3.40791694362326e-13	0.769679696840518	0.166	0.111	1.24733168053555e-08	c10	MTFP1
4.39412114921485e-13	0.330877580752642	0.388	0.306	1.60829228182413e-08	c10	PCBP1
5.76668774564177e-13	0.407916366727723	0.32	0.243	2.11066538178234e-08	c10	ID2
6.38829778001814e-13	0.88976963739291	0.084	0.046	2.33818087046444e-08	c10	FKBP2
6.94042498300727e-13	0.152061716220144	0.951	0.887	2.54026494803049e-08	c10	EEF1D
1.00264533703772e-12	0.10458077600621	0.997	0.973	3.66978219809178e-08	c10	RPS8
1.56139779017028e-12	0.941904073155055	0.083	0.046	5.71487205180225e-08	c10	CSRNP1
1.57898922151494e-12	1.4219231854092	0.05	0.023	5.77925844966683e-08	c10	AREG
2.17782521872308e-12	0.216047661297873	0.693	0.599	7.97105808304835e-08	c10	CIRBP
2.87333324661152e-12	0.435799114345642	0.33	0.263	1.05166870159228e-07	c10	RPL22L1
3.74413962886197e-12	0.230825299990496	0.698	0.624	1.37039254555977e-07	c10	RPS4Y1
4.42167561707316e-12	1.29520578928888	0.038	0.015	1.61837749260495e-07	c10	CFH
5.31851793113691e-12	1.46703924480063	0.03	0.011	1.94663074797542e-07	c10	RORC
7.31925770831159e-12	1.32668236294854	0.048	0.022	2.67892151381912e-07	c10	MS4A1
7.76311791736849e-12	0.207326428694618	0.729	0.636	2.84137878893604e-07	c10	SNRPD2
8.75128452984933e-12	0.68714273150138	0.117	0.073	3.20305765077015e-07	c10	SNHG9
1.35617898695946e-11	1.40785267378059	0.026	0.009	4.96375071017031e-07	c10	ME1
1.39245693731557e-11	0.35925680183158	0.369	0.297	5.0965316362687e-07	c10	SNHG8
1.95826854225807e-11	0.220521489095339	0.548	0.459	7.16745869151878e-07	c10	SNHG6
3.65590542820092e-11	0.149295134002358	0.926	0.849	1.33809794577582e-06	c10	PFDN5
5.91943483171782e-11	0.154483836876385	0.888	0.803	2.16657234275704e-06	c10	RPL27
6.4147358919915e-11	0.43035850546315	0.27	0.207	2.34785748382781e-06	c10	NUCB2
7.08648488724623e-11	0.111536461479341	0.99	0.957	2.59372433358099e-06	c10	FAU
1.08572063764782e-10	0.286104486883517	0.393	0.319	3.97384610585477e-06	c10	NDUFA3
1.10293162996181e-10	0.790434170774384	0.066	0.035	4.03684005882322e-06	c10	NR4A2
1.34656305366648e-10	0.250540386319387	0.413	0.34	4.92855543272469e-06	c10	RIPOR2
1.37207900661726e-10	0.570389301318066	0.148	0.101	5.02194637211985e-06	c10	CD28
1.60501932337648e-10	0.116422878563058	0.964	0.913	5.87453122549025e-06	c10	RPS2
1.70049888468274e-10	0.523164474729639	0.102	0.062	6.2239959678273e-06	c10	EOMES
1.846895764112e-10	1.88063543152013	0.015	0.004	6.75982318622634e-06	c10	AC010883.3
2.29031899506576e-10	0.392298269833637	0.285	0.224	8.38279655384017e-06	c10	TAGAP
2.92582109707574e-10	1.30825541297886	0.035	0.015	1.07087977974069e-05	c10	AC245014.3
3.13888572683344e-10	0.11002571950799	0.998	0.984	1.14886356487831e-05	c10	RPL41
3.71667269212443e-10	0.182480067083669	0.727	0.659	1.36033937204446e-05	c10	EEF2
3.88959673099899e-10	0.231117813410086	0.222	0.161	1.42363129951294e-05	c10	SAMD3
5.22795562816634e-10	0.613722458285252	0.102	0.064	1.91348403946516e-05	c10	TPD52
5.27764501709931e-10	0.164444497572624	0.721	0.629	1.93167085270852e-05	c10	NOP53
5.55299010095409e-10	0.115894727098128	0.968	0.92	2.03244990685021e-05	c10	NACA
9.18713317102816e-10	0.872333172867718	0.05	0.025	3.36258261192802e-05	c10	RGS2
1.05217222488687e-09	0.58611761644566	0.2	0.15	3.85105556030843e-05	c10	SNHG16
1.138498893333e-09	1.18763798840503	0.026	0.01	4.16701979948811e-05	c10	CHN1
1.66677232853971e-09	1.39195102755053	0.029	0.012	6.10055339968819e-05	c10	UBXN10-AS1
1.8068851420423e-09	0.160373938727562	0.701	0.632	6.61338030838903e-05	c10	PABPC1
1.84083653576791e-09	0.39597584147098	0.276	0.217	6.73764580456412e-05	c10	NDUFB1
2.37553884809797e-09	0.14791115015035	0.872	0.793	8.69470973792336e-05	c10	UBC
2.73340276148397e-09	0.354170791717036	0.171	0.122	0.000100045274473075	c10	PRDM1
2.93192887538302e-09	1.31178215605951	0.03	0.013	0.000107311528767894	c10	TMEM171
4.06269282281998e-09	0.125389491245381	0.69	0.614	0.000148698620008034	c10	IFITM2
4.32594268001303e-09	0.163877253570283	0.744	0.658	0.000158333828031157	c10	UQCRB
4.65761228722999e-09	0.261878606826452	0.126	0.084	0.000170473267324905	c10	DPP4
4.68193699399325e-09	1.02147574510728	0.036	0.016	0.000171363575917147	c10	USP45
5.26182243371592e-09	1.64860713005825	0.016	0.005	0.000192587962896436	c10	SDR42E2
6.33571193456045e-09	1.28809644993488	0.027	0.011	0.000231893392516847	c10	PLCB1
7.02132068262664e-09	0.299200304211307	0.122	0.081	0.000256987358304818	c10	PTGDR
8.53195970775601e-09	0.966835443865024	0.049	0.025	0.000312278257263578	c10	BX284668.5
9.5257369232864e-09	0.122568982441739	0.948	0.886	0.000348651497129206	c10	UBA52
1.22446100100995e-08	0.249994657828161	0.233	0.178	0.000448164970979652	c10	PARP8
1.40849789988027e-08	0.158429141532803	0.55	0.48	0.000515524316335177	c10	CCND3
1.44121216887097e-08	0.181633861647971	0.492	0.422	0.000527498065928463	c10	GTF3A
1.57320087854028e-08	1.32273240443288	0.017	0.006	0.000575807253554528	c10	OVCH1-AS1
1.7959202850019e-08	0.168889616575207	0.631	0.551	0.000657324783513546	c10	RPS17
1.85700101329064e-08	2.35131226643588	0.01	0.002	0.000679680940874508	c10	SCART1
2.17352002550698e-08	0.374931570558528	0.254	0.202	0.000795530064535809	c10	KLF3
2.28085421711414e-08	0.490153182287753	0.094	0.059	0.000834815452005946	c10	TIPARP
2.6783670418415e-08	0.128335082824034	0.896	0.802	0.000980309120984409	c10	RPL7
2.82318946928057e-08	1.34328397367244	0.028	0.012	0.00103331557765138	c10	AC034238.1
3.20264411638234e-08	0.322646576289007	0.248	0.197	0.0011721997730371	c10	P2RY8
4.05378478628485e-08	1.61379681497329	0.024	0.01	0.00148372576962812	c10	NT5E
4.19728877390031e-08	1.08729218722665	0.041	0.021	0.00153624966413525	c10	U2AF1L5
4.29665395454735e-08	1.64509985534695	0.015	0.005	0.00157261831390388	c10	SYNM
5.05430822451235e-08	0.255324988295648	0.251	0.194	0.00184992735325377	c10	RHOC
5.4939058965341e-08	0.343579906613971	0.226	0.176	0.00201082449719044	c10	RBMX
5.51972571109088e-08	0.634268776569718	0.049	0.026	0.00202027480751637	c10	IL18R1
7.6973349369765e-08	1.04732359427177	0.03	0.014	0.00281730156028277	c10	RASGRF2
1.13757852194356e-07	0.117264664338204	0.319	0.25	0.00416365114816561	c10	PLEK
1.14063719753182e-07	0.546418013652508	0.108	0.074	0.00417484620668622	c10	PHACTR2
1.14306192025444e-07	0.141648113365196	0.516	0.432	0.00418372093432329	c10	NOSIP
1.46981901379568e-07	0.750069352645902	0.047	0.026	0.00537968457239358	c10	IFI44L
1.54182512985079e-07	0.518531422992343	0.106	0.071	0.00564323415776688	c10	NAA10
1.55671808557096e-07	0.107780861695157	0.893	0.812	0.00569774386499828	c10	BTF3
1.77334803863362e-07	0.128388176595997	0.709	0.627	0.00649063115620292	c10	COMMD6
1.84960660028279e-07	0.160352603717714	0.829	0.729	0.00676974511769506	c10	RPL27A
2.0606074567739e-07	0.790633927996736	0.026	0.011	0.00754202935253814	c10	IL18RAP
2.36089469323427e-07	0.645058706388866	0.137	0.1	0.00864111066670675	c10	NELL2
2.43399050596837e-07	0.224790606984889	0.321	0.264	0.00890864865089484	c10	XBP1
2.45025051996674e-07	0.705554369575284	0.049	0.027	0.00896816192813027	c10	RMRP
2.4908489632828e-07	0.197128102141199	0.413	0.352	0.00911675629051139	c10	BIN2
2.71978547598834e-07	0.173438098864788	0.52	0.454	0.00995468682066492	c10	SMDT1
3.2530493374832e-07	0.365764352309026	0.17	0.128	0.0119064858801223	c10	CORO7
3.31680956101461e-07	0.115497483884354	0.08	0.05	0.0121398546742696	c10	TRAV8-2
3.37189541076545e-07	1.29689168355689	0.01	0.003	0.0123414743929426	c10	SOX13
3.56177274230485e-07	0.336588869793828	0.236	0.188	0.01303644441411	c10	TMEM109
4.14900709064098e-07	0.125825257056315	0.805	0.734	0.0151857808524551	c10	COX7C
4.96984141511652e-07	0.129746282315969	0.696	0.619	0.018190116563468	c10	SSR2
5.42475254678209e-07	0.284186430262418	0.323	0.272	0.0198551367964771	c10	SELENOK
5.61280394127813e-07	0.446058017276068	0.156	0.117	0.0205434237054721	c10	ANTKMT
5.69132876247755e-07	0.134931884551785	0.781	0.704	0.0208308324035441	c10	RPS20
6.05027375838811e-07	1.15858175236744	0.019	0.007	0.0221446069830763	c10	FEZ1
6.95112964118791e-07	0.220346108826444	0.389	0.333	0.0254418295997119	c10	SEC61G
8.11443935826338e-07	0.732984170548491	0.061	0.038	0.0296996594951798	c10	SMAD3
8.23408192920352e-07	0.240943658974087	0.09	0.059	0.0301375632690778	c10	S1PR5
9.25522486564051e-07	0.315042594270466	0.235	0.188	0.0338750485307308	c10	FKBP11
9.78223038715825e-07	0.306369706247532	0.124	0.088	0.0358039414400379	c10	DYNLRB1
1.17883973859313e-06	0.787458716558503	0.04	0.022	0.0431467132722473	c10	UBQLN4
1.18853959729448e-06	0.306593969276926	0.205	0.163	0.0435017378005753	c10	CCNH
1.26410710839603e-06	0.179803819993859	0.368	0.313	0.046267584274403	c10	YWHAQ
1.28940088615803e-06	0.723266550655148	0.078	0.052	0.0471933618342701	c10	MYLIP
1.34160772016368e-06	0.611364390914113	0.112	0.08	0.049104184165711	c10	SORBS3
